   323    17    0     datakind beginning-row linenumbers
----------------------------------------------------------------
MSCD Version 1.00 Yufeng Chen and Michel A Van Hove
Lawrence Berkeley National Laboratory (LBNL), Berkeley, CA 94720
Copyright (c) Van Hove Group 1997. All rights reserved
--------------------------------------------------------------
 angle-resolved photoemission extended fine structure (ARPEFS)
 experimental data for Cr2p3/2 in Pd111  excited with 700eV
 
 provided by A. de Siervo and A. Pancotti (LNLS on 18/05/2006) 
   intial angular momentum (l) = 1
   photon polarization angle (polar,azimuth) = ( 5 a 80,  0 a 120.0 ) (deg)
   sample temperature = 300 K
 
   photoemission angular scan curves
     (curve point theta phi weightc weighte//k intensity chiexp)
      24     984       1      24      41     984
       1      41      16.6600      9.00000      1.00000      0.00000
      111.000      105094.      103004.    0.0202914
      114.000      106590.      103004.    0.0348096
      117.000      106657.      103004.    0.0354636
      120.000      105775.      103004.    0.0269016
      123.000      104518.      103004.    0.0146959
      126.000      102983.      103004. -0.000205840
      129.000      101133.      103004.   -0.0181707
      132.000      99267.6      103004.   -0.0362779
      135.000      97875.7      103004.   -0.0497906
      138.000      97185.2      103004.   -0.0564937
      141.000      96411.0      103004.   -0.0640100
      144.000      96250.3      103004.   -0.0655708
      147.000      96940.1      103004.   -0.0588736
      150.000      99295.2      103004.   -0.0360095
      153.000      101909.      103004.   -0.0106357
      156.000      104313.      103004.    0.0127004
      159.000      105914.      103004.    0.0282441
      162.000      107123.      103004.    0.0399883
      165.000      108116.      103004.    0.0496280
      168.000      108593.      103004.    0.0542568
      171.000      108501.      103004.    0.0533644
      174.000      108131.      103004.    0.0497686
      177.000      107819.      103004.    0.0467428
      180.000      107551.      103004.    0.0441370
      183.000      106721.      103004.    0.0360815
      186.000      105974.      103004.    0.0288344
      189.000      104958.      103004.    0.0189670
      192.000      104147.      103004.    0.0110955
      195.000      102463.      103004.  -0.00525725
      198.000      101123.      103004.   -0.0182682
      201.000      99134.6      103004.   -0.0375691
      204.000      98016.7      103004.   -0.0484219
      207.000      96784.1      103004.   -0.0603878
      210.000      96025.0      103004.   -0.0677576
      213.000      95416.6      103004.   -0.0736645
      216.000      96280.7      103004.   -0.0652753
      219.000      98909.3      103004.   -0.0397563
      222.000      101587.      103004.   -0.0137605
      225.000      105835.      103004.    0.0274844
      228.000      110571.      103004.    0.0734614
      231.000      117472.      103004.     0.140458
       2      41      16.6600      12.0000      1.00000      0.00000
      111.000      105977.      106323.  -0.00325354
      114.000      107334.      106323.   0.00951127
      117.000      108414.      106323.    0.0196619
      120.000      109875.      106323.    0.0334095
      123.000      111169.      106323.    0.0455766
      126.000      111914.      106323.    0.0525871
      129.000      111627.      106323.    0.0498844
      132.000      109561.      106323.    0.0304573
      135.000      106241.      106323. -0.000772458
      138.000      101742.      106323.   -0.0430896
      141.000      97625.8      106323.   -0.0818010
      144.000      94258.0      106323.    -0.113476
      147.000      91963.9      106323.    -0.135053
      150.000      90977.1      106323.    -0.144334
      153.000      92673.1      106323.    -0.128382
      156.000      96338.1      106323.   -0.0939127
      159.000      101350.      106323.   -0.0467770
      162.000      106681.      106323.   0.00337003
      165.000      111422.      106323.    0.0479552
      168.000      115611.      106323.    0.0873521
      171.000      118283.      106323.     0.112486
      174.000      120927.      106323.     0.137351
      177.000      121804.      106323.     0.145604
      180.000      121321.      106323.     0.141059
      183.000      119717.      106323.     0.125971
      186.000      117840.      106323.     0.108315
      189.000      115713.      106323.    0.0883103
      192.000      112240.      106323.    0.0556523
      195.000      108119.      106323.    0.0168925
      198.000      102221.      106323.   -0.0385777
      201.000      96865.9      106323.   -0.0889480
      204.000      92126.4      106323.    -0.133524
      207.000      89534.9      106323.    -0.157899
      210.000      88725.7      106323.    -0.165509
      213.000      89856.0      106323.    -0.154878
      216.000      93791.6      106323.    -0.117863
      219.000      98402.4      106323.   -0.0744972
      222.000      104989.      106323.   -0.0125444
      225.000      112350.      106323.    0.0566874
      228.000      122153.      106323.     0.148885
      231.000      133444.      106323.     0.255075
       3      41      16.6600      15.0000      1.00000      0.00000
      111.000      108836.      115129.   -0.0546644
      114.000      111779.      115129.   -0.0291001
      117.000      114520.      115129.  -0.00529404
      120.000      117362.      115129.    0.0193907
      123.000      118908.      115129.    0.0328259
      126.000      120806.      115129.    0.0493098
      129.000      121926.      115129.    0.0590360
      132.000      122304.      115129.    0.0623222
      135.000      121091.      115129.    0.0517820
      138.000      119405.      115129.    0.0371352
      141.000      116754.      115129.    0.0141143
      144.000      113353.      115129.   -0.0154269
      147.000      108684.      115129.   -0.0559840
      150.000      104714.      115129.   -0.0904623
      153.000      102798.      115129.    -0.107103
      156.000      103332.      115129.    -0.102469
      159.000      105125.      115129.   -0.0868986
      162.000      107232.      115129.   -0.0685927
      165.000      109597.      115129.   -0.0480533
      168.000      114183.      115129.  -0.00821669
      171.000      118759.      115129.    0.0315252
      174.000      123774.      115129.    0.0750915
      177.000      125755.      115129.    0.0922968
      180.000      127177.      115129.     0.104643
      183.000      126559.      115129.    0.0992809
      186.000      124891.      115129.    0.0847863
      189.000      122089.      115129.    0.0604543
      192.000      119330.      115129.    0.0364840
      195.000      116470.      115129.    0.0116481
      198.000      113503.      115129.   -0.0141211
      201.000      109541.      115129.   -0.0485372
      204.000      106891.      115129.   -0.0715584
      207.000      105412.      115129.   -0.0844044
      210.000      106992.      115129.   -0.0706816
      213.000      110013.      115129.   -0.0444388
      216.000      113743.      115129.   -0.0120374
      219.000      117127.      115129.    0.0173512
      222.000      119044.      115129.    0.0340007
      225.000      118828.      115129.    0.0321270
      228.000      117054.      115129.    0.0167155
      231.000      114912.      115129.  -0.00188281
       4      41      16.6600      18.0000      1.00000      0.00000
      111.000      115142.      119731.   -0.0383327
      114.000      115330.      119731.   -0.0367568
      117.000      115943.      119731.   -0.0316440
      120.000      117742.      119731.   -0.0166122
      123.000      121248.      119731.    0.0126629
      126.000      124301.      119731.    0.0381640
      129.000      126389.      119731.    0.0556001
      132.000      126806.      119731.    0.0590875
      135.000      126622.      119731.    0.0575462
      138.000      125075.      119731.    0.0446266
      141.000      123409.      119731.    0.0307181
      144.000      122267.      119731.    0.0211793
      147.000      120743.      119731.   0.00844551
      150.000      119080.      119731.  -0.00544437
      153.000      117831.      119731.   -0.0158697
      156.000      117422.      119731.   -0.0192863
      159.000      115851.      119731.   -0.0324117
      162.000      113394.      119731.   -0.0529322
      165.000      111520.      119731.   -0.0685835
      168.000      111086.      119731.   -0.0722093
      171.000      111705.      119731.   -0.0670377
      174.000      114200.      119731.   -0.0461948
      177.000      117592.      119731.   -0.0178646
      180.000      120553.      119731.   0.00686038
      183.000      120969.      119731.    0.0103343
      186.000      119123.      119731.  -0.00507980
      189.000      117881.      119731.   -0.0154582
      192.000      117512.      119731.   -0.0185345
      195.000      119351.      119731.  -0.00318032
      198.000      120815.      119731.   0.00904828
      201.000      123525.      119731.    0.0316878
      204.000      125336.      119731.    0.0468085
      207.000      126309.      119731.    0.0549360
      210.000      125283.      119731.    0.0463666
      213.000      124864.      119731.    0.0428693
      216.000      124009.      119731.    0.0357233
      219.000      123414.      119731.    0.0307587
      222.000      122005.      119731.    0.0189924
      225.000      119789.      119731.  0.000480801
      228.000      115848.      119731.   -0.0324361
      231.000      110460.      119731.   -0.0774393
       5      41      16.6600      21.0000      1.00000      0.00000
      111.000      113358.      112046.    0.0117127
      114.000      111095.      112046.  -0.00848280
      117.000      110097.      112046.   -0.0173967
      120.000      110566.      112046.   -0.0132102
      123.000      111288.      112046.  -0.00676107
      126.000      112668.      112046.   0.00555379
      129.000      113321.      112046.    0.0113827
      132.000      112543.      112046.   0.00443351
      135.000      110749.      112046.   -0.0115711
      138.000      108808.      112046.   -0.0288992
      141.000      109266.      112046.   -0.0248099
      144.000      111708.      112046.  -0.00301127
      147.000      115034.      112046.    0.0266654
      150.000      117691.      112046.    0.0503843
      153.000      119010.      112046.    0.0621538
      156.000      119393.      112046.    0.0655686
      159.000      118781.      112046.    0.0601110
      162.000      116982.      112046.    0.0440550
      165.000      115572.      112046.    0.0314733
      168.000      112432.      112046.   0.00344312
      171.000      108135.      112046.   -0.0349016
      174.000      102475.      112046.   -0.0854193
      177.000      98604.5      112046.    -0.119963
      180.000      97377.4      112046.    -0.130915
      183.000      99605.0      112046.    -0.111034
      186.000      104293.      112046.   -0.0691927
      189.000      109616.      112046.   -0.0216825
      192.000      114345.      112046.    0.0205174
      195.000      117673.      112046.    0.0502188
      198.000      119880.      112046.    0.0699222
      201.000      120657.      112046.    0.0768565
      204.000      120146.      112046.    0.0722891
      207.000      118988.      112046.    0.0619618
      210.000      117225.      112046.    0.0462225
      213.000      114244.      112046.    0.0196221
      216.000      111127.      112046.  -0.00819824
      219.000      109128.      112046.   -0.0260457
      222.000      109135.      112046.   -0.0259800
      225.000      110114.      112046.   -0.0172413
      228.000      110512.      112046.   -0.0136903
      231.000      110145.      112046.   -0.0169633
       6      41      16.6600      24.0000      1.00000      0.00000
      111.000      111249.      108836.    0.0221744
      114.000      109775.      108836.   0.00863348
      117.000      108583.      108836.  -0.00231878
      120.000      108466.      108836.  -0.00339348
      123.000      107945.      108836.  -0.00818424
      126.000      108528.      108836.  -0.00282789
      129.000      107730.      108836.   -0.0101622
      132.000      107495.      108836.   -0.0123189
      135.000      105841.      108836.   -0.0275168
      138.000      105850.      108836.   -0.0274300
      141.000      106575.      108836.   -0.0207704
      144.000      107878.      108836.  -0.00880146
      147.000      108843.      108836.  6.88864e-05
      150.000      109250.      108836.   0.00380469
      153.000      110813.      108836.    0.0181682
      156.000      112514.      108836.    0.0337950
      159.000      114111.      108836.    0.0484673
      162.000      115291.      108836.    0.0593148
      165.000      116022.      108836.    0.0660260
      168.000      115136.      108836.    0.0578924
      171.000      111007.      108836.    0.0199506
      174.000      105153.      108836.   -0.0338410
      177.000      99183.0      108836.   -0.0886907
      180.000      97227.7      108836.    -0.106656
      183.000      98488.3      108836.   -0.0950737
      186.000      103826.      108836.   -0.0460311
      189.000      109284.      108836.   0.00412262
      192.000      113358.      108836.    0.0415495
      195.000      113878.      108836.    0.0463264
      198.000      112761.      108836.    0.0360676
      201.000      111926.      108836.    0.0283960
      204.000      111040.      108836.    0.0202499
      207.000      110548.      108836.    0.0157374
      210.000      109816.      108836.   0.00900394
      213.000      109441.      108836.   0.00555889
      216.000      107841.      108836.  -0.00913745
      219.000      105924.      108836.   -0.0267504
      222.000      105499.      108836.   -0.0306577
      225.000      107545.      108836.   -0.0118633
      228.000      109739.      108836.   0.00830069
      231.000      110882.      108836.    0.0188007
       7      41      16.6600      27.0000      1.00000      0.00000
      111.000      99246.7      108243.   -0.0831152
      114.000      108275.      108243.  0.000291098
      117.000      115146.      108243.    0.0637662
      120.000      118639.      108243.    0.0960378
      123.000      116289.      108243.    0.0743303
      126.000      112238.      108243.    0.0369011
      129.000      108152.      108243. -0.000840859
      132.000      106030.      108243.   -0.0204490
      135.000      105242.      108243.   -0.0277242
      138.000      105027.      108243.   -0.0297170
      141.000      105103.      108243.   -0.0290134
      144.000      103460.      108243.   -0.0441950
      147.000      99882.2      108243.   -0.0772441
      150.000      97101.5      108243.    -0.102934
      153.000      96565.9      108243.    -0.107881
      156.000      98946.6      108243.   -0.0858876
      159.000      101557.      108243.   -0.0617701
      162.000      104751.      108243.   -0.0322653
      165.000      108741.      108243.   0.00459641
      168.000      114661.      108243.    0.0592880
      171.000      119285.      108243.     0.102008
      174.000      122020.      108243.     0.127273
      177.000      121362.      108243.     0.121197
      180.000      120608.      108243.     0.114230
      183.000      119787.      108243.     0.106648
      186.000      118448.      108243.    0.0942730
      189.000      115829.      108243.    0.0700790
      192.000      111214.      108243.    0.0274466
      195.000      106193.      108243.   -0.0189463
      198.000      102124.      108243.   -0.0565350
      201.000      99645.3      108243.   -0.0794332
      204.000      98039.1      108243.   -0.0942715
      207.000      96219.5      108243.    -0.111082
      210.000      96630.4      108243.    -0.107286
      213.000      99601.5      108243.   -0.0798377
      216.000      103585.      108243.   -0.0430329
      219.000      106381.      108243.   -0.0172018
      222.000      108042.      108243.  -0.00185631
      225.000      110868.      108243.    0.0242490
      228.000      115512.      108243.    0.0671509
      231.000      122175.      108243.     0.128703
       8      41      16.6600      30.0000      1.00000      0.00000
      111.000      325160.      340292.   -0.0444694
      114.000      340099.      340292. -0.000567675
      117.000      352326.      340292.    0.0353643
      120.000      361492.      340292.    0.0622973
      123.000      366850.      340292.    0.0780448
      126.000      365395.      340292.    0.0737672
      129.000      355705.      340292.    0.0452940
      132.000      341120.      340292.   0.00243143
      135.000      328477.      340292.   -0.0347222
      138.000      321398.      340292.   -0.0555239
      141.000      317793.      340292.   -0.0661168
      144.000      312898.      340292.   -0.0805007
      147.000      303445.      340292.    -0.108281
      150.000      295188.      340292.    -0.132544
      153.000      293993.      340292.    -0.136057
      156.000      299909.      340292.    -0.118673
      159.000      308167.      340292.   -0.0944035
      162.000      317366.      340292.   -0.0673727
      165.000      331366.      340292.   -0.0262313
      168.000      355256.      340292.    0.0439723
      171.000      383727.      340292.     0.127638
      174.000      406712.      340292.     0.195186
      177.000      418722.      340292.     0.230477
      180.000      420175.      340292.     0.234746
      183.000      414422.      340292.     0.217841
      186.000      398432.      340292.     0.170853
      189.000      375273.      340292.     0.102797
      192.000      346083.      340292.    0.0170164
      195.000      319999.      340292.   -0.0596356
      198.000      299477.      340292.    -0.119941
      201.000      290898.      340292.    -0.145153
      204.000      286129.      340292.    -0.159167
      207.000      286124.      340292.    -0.159182
      210.000      290832.      340292.    -0.145346
      213.000      304254.      340292.    -0.105904
      216.000      318471.      340292.   -0.0641259
      219.000      327973.      340292.   -0.0362022
      222.000      337463.      340292.  -0.00831287
      225.000      352083.      340292.    0.0346492
      228.000      376892.      340292.     0.107554
      231.000      407046.      340292.     0.196167
       9      41      16.6600      33.0000      1.00000      0.00000
      111.000      361301.      366584.   -0.0144103
      114.000      373149.      366584.    0.0179085
      117.000      378033.      366584.    0.0312321
      120.000      381068.      366584.    0.0395095
      123.000      390096.      366584.    0.0641389
      126.000      391036.      366584.    0.0667016
      129.000      374807.      366584.    0.0224302
      132.000      351060.      366584.   -0.0423488
      135.000      338585.      366584.   -0.0763794
      138.000      338571.      366584.   -0.0764173
      141.000      344089.      366584.   -0.0613651
      144.000      344297.      366584.   -0.0607958
      147.000      340944.      366584.   -0.0699444
      150.000      336784.      366584.   -0.0812924
      153.000      338577.      366584.   -0.0763987
      156.000      347253.      366584.   -0.0527322
      159.000      355120.      366584.   -0.0312735
      162.000      357828.      366584.   -0.0238864
      165.000      357896.      366584.   -0.0237000
      168.000      368343.      366584.   0.00479719
      171.000      389410.      366584.    0.0622663
      174.000      416264.      366584.     0.135520
      177.000      433358.      366584.     0.182151
      180.000      439948.      366584.     0.200128
      183.000      431035.      366584.     0.175816
      186.000      411861.      366584.     0.123510
      189.000      385673.      366584.    0.0520725
      192.000      364672.      366584.  -0.00521604
      195.000      354018.      366584.   -0.0342791
      198.000      348106.      366584.   -0.0504057
      201.000      339215.      366584.   -0.0746602
      204.000      326156.      366584.    -0.110283
      207.000      319629.      366584.    -0.128089
      210.000      322474.      366584.    -0.120328
      213.000      328674.      366584.    -0.103415
      216.000      334798.      366584.   -0.0867093
      219.000      340299.      366584.   -0.0717024
      222.000      350693.      366584.   -0.0433482
      225.000      368564.      366584.   0.00540003
      228.000      403636.      366584.     0.101074
      231.000      457117.      366584.     0.246963
      10      41      16.6600      36.0000      1.00000      0.00000
      111.000      352986.      366365.   -0.0365171
      114.000      369706.      366365.   0.00911879
      117.000      375439.      366365.    0.0247681
      120.000      377093.      366365.    0.0292822
      123.000      377866.      366365.    0.0313933
      126.000      370582.      366365.    0.0115103
      129.000      349072.      366365.   -0.0472014
      132.000      337154.      366365.   -0.0797305
      135.000      350804.      366365.   -0.0424737
      138.000      381484.      366365.    0.0412674
      141.000      399157.      366365.    0.0895074
      144.000      390426.      366365.    0.0656759
      147.000      365264.      366365.  -0.00300496
      150.000      349447.      366365.   -0.0461779
      153.000      354483.      366365.   -0.0324306
      156.000      367906.      366365.   0.00420799
      159.000      367953.      366365.   0.00433528
      162.000      354154.      366365.   -0.0333298
      165.000      339353.      366365.   -0.0737297
      168.000      340294.      366365.   -0.0711617
      171.000      355563.      366365.   -0.0294833
      174.000      378586.      366365.    0.0333567
      177.000      396570.      366365.    0.0824453
      180.000      403095.      366365.     0.100255
      183.000      398886.      366365.    0.0887684
      186.000      383681.      366365.    0.0472643
      189.000      361892.      366365.   -0.0122084
      192.000      345017.      366365.   -0.0582690
      195.000      342075.      366365.   -0.0662996
      198.000      354500.      366365.   -0.0323845
      201.000      367299.      366365.   0.00254849
      204.000      364821.      366365.  -0.00421332
      207.000      351348.      366365.   -0.0409888
      210.000      346922.      366365.   -0.0530685
      213.000      365207.      366365.  -0.00315904
      216.000      389425.      366365.    0.0629438
      219.000      395068.      366365.    0.0783449
      222.000      374723.      366365.    0.0228134
      225.000      351001.      366365.   -0.0419347
      228.000      349318.      366365.   -0.0465294
      231.000      375336.      366365.    0.0244873
      11      41      16.6600      39.0000      1.00000      0.00000
      111.000      333141.      332758.   0.00115232
      114.000      327843.      332758.   -0.0147703
      117.000      325111.      332758.   -0.0229794
      120.000      320189.      332758.   -0.0377713
      123.000      315186.      332758.   -0.0528072
      126.000      310886.      332758.   -0.0657301
      129.000      315163.      332758.   -0.0528765
      132.000      333912.      332758.   0.00346946
      135.000      361759.      332758.    0.0871543
      138.000      388505.      332758.     0.167530
      141.000      394895.      332758.     0.186733
      144.000      382620.      332758.     0.149845
      147.000      359477.      332758.    0.0802948
      150.000      336255.      332758.    0.0105104
      153.000      315968.      332758.   -0.0504554
      156.000      298580.      332758.    -0.102712
      159.000      286227.      332758.    -0.139834
      162.000      280016.      332758.    -0.158498
      165.000      283851.      332758.    -0.146974
      168.000      299103.      332758.    -0.101139
      171.000      325690.      332758.   -0.0212415
      174.000      347088.      332758.    0.0430644
      177.000      358819.      332758.    0.0783192
      180.000      360646.      332758.    0.0838078
      183.000      363170.      332758.    0.0913931
      186.000      357692.      332758.    0.0749316
      189.000      339131.      332758.    0.0191514
      192.000      314249.      332758.   -0.0556219
      195.000      298648.      332758.    -0.102506
      198.000      297769.      332758.    -0.105149
      201.000      305678.      332758.   -0.0813806
      204.000      316825.      332758.   -0.0478804
      207.000      328988.      332758.   -0.0113292
      210.000      343555.      332758.    0.0324475
      213.000      363389.      332758.    0.0920536
      216.000      383554.      332758.     0.152652
      219.000      389151.      332758.     0.169472
      222.000      369961.      332758.     0.111802
      225.000      331571.      332758.  -0.00356806
      228.000      299021.      332758.    -0.101386
      231.000      279738.      332758.    -0.159336
      12      41      16.6600      42.0000      1.00000      0.00000
      111.000      374681.      327986.     0.142367
      114.000      322856.      327986.   -0.0156423
      117.000      289024.      327986.    -0.118792
      120.000      274025.      327986.    -0.164524
      123.000      279221.      327986.    -0.148681
      126.000      302125.      327986.   -0.0788477
      129.000      332561.      327986.    0.0139487
      132.000      363690.      327986.     0.108857
      135.000      382757.      327986.     0.166993
      138.000      387938.      327986.     0.182786
      141.000      381045.      327986.     0.161772
      144.000      368891.      327986.     0.124716
      147.000      352901.      327986.    0.0759642
      150.000      331401.      327986.    0.0104119
      153.000      305981.      327986.   -0.0670902
      156.000      283806.      327986.    -0.134701
      159.000      275004.      327986.    -0.161539
      162.000      279913.      327986.    -0.146570
      165.000      301428.      327986.   -0.0809745
      168.000      324504.      327986.   -0.0106166
      171.000      339749.      327986.    0.0358633
      174.000      336103.      327986.    0.0247471
      177.000      320636.      327986.   -0.0224083
      180.000      312408.      327986.   -0.0474952
      183.000      325137.      327986.  -0.00868688
      186.000      346281.      327986.    0.0557783
      189.000      353614.      327986.    0.0781367
      192.000      339365.      327986.    0.0346930
      195.000      315141.      327986.   -0.0391631
      198.000      293832.      327986.    -0.104134
      201.000      288776.      327986.    -0.119548
      204.000      300030.      327986.   -0.0852341
      207.000      325305.      327986.  -0.00817509
      210.000      349496.      327986.    0.0655802
      213.000      364384.      327986.     0.110974
      216.000      370267.      327986.     0.128911
      219.000      372305.      327986.     0.135125
      222.000      364898.      327986.     0.112541
      225.000      342782.      327986.    0.0451116
      228.000      305721.      327986.   -0.0678850
      231.000      265312.      327986.    -0.191088
      13      41      16.6600      45.0000      1.00000      0.00000
      111.000      322957.      305462.    0.0572749
      114.000      307105.      305462.   0.00538044
      117.000      291512.      305462.   -0.0456666
      120.000      284282.      305462.   -0.0693378
      123.000      287013.      305462.   -0.0603975
      126.000      297768.      305462.   -0.0251859
      129.000      311505.      305462.    0.0197847
      132.000      325470.      305462.    0.0655002
      135.000      330731.      305462.    0.0827262
      138.000      322264.      305462.    0.0550046
      141.000      310291.      305462.    0.0158102
      144.000      307225.      305462.   0.00577154
      147.000      307498.      305462.   0.00666718
      150.000      302990.      305462.  -0.00809031
      153.000      294488.      305462.   -0.0359238
      156.000      285157.      305462.   -0.0664710
      159.000      281324.      305462.   -0.0790188
      162.000      290285.      305462.   -0.0496853
      165.000      311472.      305462.    0.0196773
      168.000      330509.      305462.    0.0819978
      171.000      331408.      305462.    0.0849399
      174.000      313264.      305462.    0.0255442
      177.000      290288.      305462.   -0.0496755
      180.000      278295.      305462.   -0.0889377
      183.000      290529.      305462.   -0.0488855
      186.000      315375.      305462.    0.0324534
      189.000      333628.      305462.    0.0922099
      192.000      331276.      305462.    0.0845103
      195.000      311012.      305462.    0.0181684
      198.000      289074.      305462.   -0.0536480
      201.000      280973.      305462.   -0.0801681
      204.000      283757.      305462.   -0.0710540
      207.000      295466.      305462.   -0.0327232
      210.000      304793.      305462.  -0.00218925
      213.000      312734.      305462.    0.0238072
      216.000      313894.      305462.    0.0276047
      219.000      318056.      305462.    0.0412318
      222.000      322506.      305462.    0.0557980
      225.000      321632.      305462.    0.0529366
      228.000      304841.      305462.  -0.00203062
      231.000      279170.      305462.   -0.0860730
      14      41      16.6600      48.0000      1.00000      0.00000
      111.000      264531.      287869.   -0.0810696
      114.000      283454.      287869.   -0.0153346
      117.000      302498.      287869.    0.0508182
      120.000      311992.      287869.    0.0838002
      123.000      308313.      287869.    0.0710206
      126.000      294377.      287869.    0.0226081
      129.000      284466.      287869.   -0.0118212
      132.000      281198.      287869.   -0.0231729
      135.000      279504.      287869.   -0.0290563
      138.000      278479.      287869.   -0.0326164
      141.000      279014.      287869.   -0.0307585
      144.000      281984.      287869.   -0.0204411
      147.000      280900.      287869.   -0.0242071
      150.000      276869.      287869.   -0.0382089
      153.000      272909.      287869.   -0.0519676
      156.000      275183.      287869.   -0.0440665
      159.000      286576.      287869.  -0.00448845
      162.000      304800.      287869.    0.0588174
      165.000      318176.      287869.     0.105281
      168.000      314319.      287869.    0.0918833
      171.000      297771.      287869.    0.0343995
      174.000      280622.      287869.   -0.0251719
      177.000      273110.      287869.   -0.0512678
      180.000      269682.      287869.   -0.0631759
      183.000      271671.      287869.   -0.0562665
      186.000      278664.      287869.   -0.0319734
      189.000      295083.      287869.    0.0250621
      192.000      312815.      287869.    0.0866599
      195.000      316674.      287869.     0.100063
      198.000      304113.      287869.    0.0564300
      201.000      286366.      287869.  -0.00521788
      204.000      275828.      287869.   -0.0418260
      207.000      276481.      287869.   -0.0395597
      210.000      278891.      287869.   -0.0311871
      213.000      280816.      287869.   -0.0244994
      216.000      277778.      287869.   -0.0350510
      219.000      277247.      287869.   -0.0368968
      222.000      283803.      287869.   -0.0141214
      225.000      293182.      287869.    0.0184563
      228.000      297794.      287869.    0.0344804
      231.000      294646.      287869.    0.0235428
      15      41      16.6600      51.0000      1.00000      0.00000
      111.000      225924.      282569.    -0.200463
      114.000      274276.      282569.   -0.0293485
      117.000      317974.      282569.     0.125298
      120.000      340326.      282569.     0.204399
      123.000      329390.      282569.     0.165699
      126.000      292168.      282569.    0.0339707
      129.000      253509.      282569.    -0.102843
      132.000      234154.      282569.    -0.171339
      135.000      244418.      282569.    -0.135016
      138.000      273099.      282569.   -0.0335130
      141.000      302764.      282569.    0.0714691
      144.000      313510.      282569.     0.109497
      147.000      305075.      282569.    0.0796467
      150.000      285413.      282569.    0.0100660
      153.000      269121.      282569.   -0.0475907
      156.000      261649.      282569.   -0.0740353
      159.000      266727.      282569.   -0.0560647
      162.000      279880.      282569.  -0.00951722
      165.000      291319.      282569.    0.0309655
      168.000      290123.      282569.    0.0267340
      171.000      279990.      282569.  -0.00912529
      174.000      276734.      282569.   -0.0206503
      177.000      285753.      282569.    0.0112671
      180.000      292343.      282569.    0.0345913
      183.000      284646.      282569.   0.00734915
      186.000      273473.      282569.   -0.0321908
      189.000      274585.      282569.   -0.0282551
      192.000      286428.      282569.    0.0136570
      195.000      289728.      282569.    0.0253369
      198.000      279743.      282569.   -0.0100024
      201.000      266590.      282569.   -0.0565484
      204.000      261927.      282569.   -0.0730526
      207.000      272070.      282569.   -0.0371561
      210.000      289895.      282569.    0.0259281
      213.000      309664.      282569.    0.0958867
      216.000      317290.      282569.     0.122877
      219.000      307010.      282569.    0.0864954
      222.000      283069.      282569.   0.00177112
      225.000      262676.      282569.   -0.0704009
      228.000      261770.      282569.   -0.0736051
      231.000      278510.      282569.   -0.0143645
      16      41      16.6600      54.0000      1.00000      0.00000
      111.000      219392.      271145.    -0.190869
      114.000      264221.      271145.   -0.0255381
      117.000      306537.      271145.     0.130528
      120.000      328952.      271145.     0.213195
      123.000      316468.      271145.     0.167155
      126.000      277444.      271145.    0.0232298
      129.000      238332.      271145.    -0.121016
      132.000      224910.      271145.    -0.170520
      135.000      237204.      271145.    -0.125177
      138.000      261013.      271145.   -0.0373700
      141.000      277697.      271145.    0.0241625
      144.000      285965.      271145.    0.0546549
      147.000      285258.      271145.    0.0520471
      150.000      273955.      271145.    0.0103619
      153.000      261235.      271145.   -0.0365485
      156.000      261816.      271145.   -0.0344054
      159.000      278407.      271145.    0.0267809
      162.000      292119.      271145.    0.0773531
      165.000      287169.      271145.    0.0590947
      168.000      263687.      271145.   -0.0275049
      171.000      249272.      271145.   -0.0806712
      174.000      258026.      271145.   -0.0483841
      177.000      282577.      271145.    0.0421594
      180.000      296370.      271145.    0.0930293
      183.000      284194.      271145.    0.0481231
      186.000      259160.      271145.   -0.0442016
      189.000      245711.      271145.   -0.0938017
      192.000      256148.      271145.   -0.0553112
      195.000      275667.      271145.    0.0166781
      198.000      281710.      271145.    0.0389649
      201.000      268043.      271145.   -0.0114425
      204.000      254741.      271145.   -0.0604992
      207.000      255741.      271145.   -0.0568110
      210.000      271902.      271145.   0.00279190
      213.000      289688.      271145.    0.0683850
      216.000      297367.      271145.    0.0967075
      219.000      293865.      271145.    0.0837910
      222.000      278172.      271145.    0.0259137
      225.000      258577.      271145.   -0.0463523
      228.000      252135.      271145.   -0.0701126
      231.000      265652.      271145.   -0.0202578
      17      41      16.6600      57.0000      1.00000      0.00000
      111.000      233074.      249837.   -0.0670949
      114.000      248981.      249837.  -0.00342423
      117.000      262707.      249837.    0.0515172
      120.000      269571.      249837.    0.0789903
      123.000      264831.      249837.    0.0600151
      126.000      250584.      249837.   0.00299141
      129.000      232745.      249837.   -0.0684101
      132.000      220980.      249837.    -0.115502
      135.000      227639.      249837.   -0.0888500
      138.000      245286.      249837.   -0.0182159
      141.000      263764.      249837.    0.0557466
      144.000      268423.      249837.    0.0743952
      147.000      265707.      249837.    0.0635219
      150.000      251816.      249837.   0.00792475
      153.000      239514.      249837.   -0.0413167
      156.000      242591.      249837.   -0.0290016
      159.000      265236.      249837.    0.0616374
      162.000      283857.      249837.     0.136169
      165.000      276834.      249837.     0.108061
      168.000      245931.      249837.   -0.0156328
      171.000      223658.      249837.    -0.104784
      174.000      224080.      249837.    -0.103093
      177.000      243927.      249837.   -0.0236524
      180.000      257219.      249837.    0.0295490
      183.000      246521.      249837.   -0.0132721
      186.000      222988.      249837.    -0.107467
      189.000      214817.      249837.    -0.140169
      192.000      235363.      249837.   -0.0579324
      195.000      268421.      249837.    0.0743848
      198.000      279544.      249837.     0.118907
      201.000      260509.      249837.    0.0427186
      204.000      240954.      249837.   -0.0355519
      207.000      240627.      249837.   -0.0368609
      210.000      255791.      249837.    0.0238331
      213.000      268070.      249837.    0.0729831
      216.000      269766.      249837.    0.0797687
      219.000      266774.      249837.    0.0677925
      222.000      251561.      249837.   0.00690121
      225.000      234882.      249837.   -0.0598580
      228.000      230741.      249837.   -0.0764329
      231.000      246876.      249837.   -0.0118498
      18      41      16.6600      60.0000      1.00000      0.00000
      111.000      237388.      221528.    0.0715935
      114.000      224548.      221528.    0.0136337
      117.000      212632.      221528.   -0.0401555
      120.000      206393.      221528.   -0.0683226
      123.000      207928.      221528.   -0.0613936
      126.000      215740.      221528.   -0.0261271
      129.000      227493.      221528.    0.0269266
      132.000      229281.      221528.    0.0349988
      135.000      224247.      221528.    0.0122733
      138.000      220681.      221528.  -0.00382293
      141.000      226944.      221528.    0.0244462
      144.000      230686.      221528.    0.0413393
      147.000      222995.      221528.   0.00662216
      150.000      210073.      221528.   -0.0517107
      153.000      208955.      221528.   -0.0567575
      156.000      223752.      221528.    0.0100399
      159.000      243173.      221528.    0.0977071
      162.000      249403.      221528.     0.125831
      165.000      236754.      221528.    0.0687312
      168.000      215813.      221528.   -0.0258003
      171.000      205325.      221528.   -0.0731421
      174.000      207257.      221528.   -0.0644215
      177.000      214427.      221528.   -0.0320564
      180.000      219401.      221528.  -0.00960209
      183.000      215273.      221528.   -0.0282344
      186.000      206334.      221528.   -0.0685889
      189.000      201377.      221528.   -0.0909652
      192.000      210609.      221528.   -0.0492879
      195.000      233799.      221528.    0.0553926
      198.000      248083.      221528.     0.119872
      201.000      240817.      221528.    0.0870714
      204.000      219627.      221528.  -0.00858091
      207.000      207646.      221528.   -0.0626639
      210.000      211157.      221528.   -0.0468182
      213.000      226877.      221528.    0.0241466
      216.000      234816.      221528.    0.0599852
      219.000      231984.      221528.    0.0472000
      222.000      222138.      221528.   0.00275344
      225.000      218674.      221528.   -0.0128834
      228.000      218093.      221528.   -0.0155050
      231.000      214065.      221528.   -0.0336886
      19      41      16.6600      63.0000      1.00000      0.00000
      111.000      224368.      195697.     0.146511
      114.000      200265.      195697.    0.0233467
      117.000      179739.      195697.   -0.0815426
      120.000      168263.      195697.    -0.140183
      123.000      173150.      195697.    -0.115215
      126.000      191162.      195697.   -0.0231695
      129.000      212538.      195697.    0.0860595
      132.000      221990.      195697.     0.134356
      135.000      211120.      195697.    0.0788136
      138.000      193868.      195697.  -0.00934186
      141.000      183588.      195697.   -0.0618722
      144.000      183896.      195697.   -0.0602992
      147.000      183089.      195697.   -0.0644230
      150.000      182432.      195697.   -0.0677805
      153.000      190266.      195697.   -0.0277477
      156.000      208437.      195697.    0.0651018
      159.000      221560.      195697.     0.132160
      162.000      216757.      195697.     0.107619
      165.000      198935.      195697.    0.0165486
      168.000      182113.      195697.   -0.0694123
      171.000      175662.      195697.    -0.102377
      174.000      183993.      195697.   -0.0598026
      177.000      203934.      195697.    0.0420952
      180.000      215369.      195697.     0.100524
      183.000      206729.      195697.    0.0563740
      186.000      186340.      195697.   -0.0478141
      189.000      174897.      195697.    -0.106283
      192.000      180138.      195697.   -0.0795043
      195.000      198225.      195697.    0.0129196
      198.000      219167.      195697.     0.119932
      201.000      224226.      195697.     0.145784
      204.000      209569.      195697.    0.0708871
      207.000      189628.      195697.   -0.0310096
      210.000      181812.      195697.   -0.0709474
      213.000      182694.      195697.   -0.0664431
      216.000      182667.      195697.   -0.0665797
      219.000      179689.      195697.   -0.0817964
      222.000      186569.      195697.   -0.0466415
      225.000      200536.      195697.    0.0247269
      228.000      209954.      195697.    0.0728547
      231.000      204245.      195697.    0.0436816
      20      41      16.6600      66.0000      1.00000      0.00000
      111.000      184258.      170690.    0.0794864
      114.000      169247.      170690.  -0.00845575
      117.000      161223.      170690.   -0.0554620
      120.000      157947.      170690.   -0.0746560
      123.000      158499.      170690.   -0.0714239
      126.000      161969.      170690.   -0.0510962
      129.000      175652.      170690.    0.0290694
      132.000      189812.      170690.     0.112026
      135.000      196080.      170690.     0.148750
      138.000      187866.      170690.     0.100625
      141.000      172596.      170690.    0.0111654
      144.000      160636.      170690.   -0.0589012
      147.000      153385.      170690.    -0.101383
      150.000      153454.      170690.    -0.100981
      153.000      159745.      170690.   -0.0641224
      156.000      174494.      170690.    0.0222824
      159.000      183625.      170690.    0.0757776
      162.000      179983.      170690.    0.0544438
      165.000      164317.      170690.   -0.0373366
      168.000      154722.      170690.   -0.0935488
      171.000      157879.      170690.   -0.0750554
      174.000      169199.      170690.  -0.00873756
      177.000      182352.      170690.    0.0683225
      180.000      187538.      170690.    0.0987065
      183.000      184567.      170690.    0.0812975
      186.000      172285.      170690.   0.00934361
      189.000      160053.      170690.   -0.0623185
      192.000      157267.      170690.   -0.0786408
      195.000      167639.      170690.   -0.0178751
      198.000      185168.      170690.    0.0848173
      201.000      190428.      170690.     0.115637
      204.000      180227.      170690.    0.0558741
      207.000      165277.      170690.   -0.0317167
      210.000      155971.      170690.   -0.0862358
      213.000      155252.      170690.   -0.0904440
      216.000      157837.      170690.   -0.0752990
      219.000      165383.      170690.   -0.0310915
      222.000      177545.      170690.    0.0401572
      225.000      184947.      170690.    0.0835233
      228.000      180253.      170690.    0.0560221
      231.000      161821.      170690.   -0.0519604
      21      41      16.6600      69.0000      1.00000      0.00000
      111.000      134509.      144574.   -0.0696160
      114.000      141966.      144574.   -0.0180374
      117.000      147631.      144574.    0.0211416
      120.000      153053.      144574.    0.0586465
      123.000      148894.      144574.    0.0298782
      126.000      141531.      144574.   -0.0210467
      129.000      140211.      144574.   -0.0301800
      132.000      147140.      144574.    0.0177463
      135.000      158723.      144574.    0.0978691
      138.000      161550.      144574.     0.117419
      141.000      150762.      144574.    0.0428047
      144.000      138409.      144574.   -0.0426395
      147.000      128195.      144574.    -0.113290
      150.000      131007.      144574.   -0.0938385
      153.000      137731.      144574.   -0.0473330
      156.000      146065.      144574.    0.0103125
      159.000      145893.      144574.   0.00912649
      162.000      137801.      144574.   -0.0468501
      165.000      130546.      144574.   -0.0970265
      168.000      130468.      144574.   -0.0975689
      171.000      141048.      144574.   -0.0243907
      174.000      152549.      144574.    0.0551641
      177.000      162553.      144574.     0.124359
      180.000      166254.      144574.     0.149960
      183.000      163196.      144574.     0.128808
      186.000      153748.      144574.    0.0634587
      189.000      143385.      144574.  -0.00822704
      192.000      133250.      144574.   -0.0783260
      195.000      132778.      144574.   -0.0815890
      198.000      139961.      144574.   -0.0319071
      201.000      148247.      144574.    0.0254073
      204.000      147645.      144574.    0.0212414
      207.000      138971.      144574.   -0.0387571
      210.000      132358.      144574.   -0.0844968
      213.000      130516.      144574.   -0.0972353
      216.000      138930.      144574.   -0.0390411
      219.000      151559.      144574.    0.0483125
      222.000      163229.      144574.     0.129031
      225.000      161053.      144574.     0.113982
      228.000      147315.      144574.    0.0189570
      231.000      126903.      144574.    -0.122229
      22      41      16.6600      72.0000      1.00000      0.00000
      111.000      107507.      116580.   -0.0778244
      114.000      116656.      116580.  0.000653191
      117.000      120296.      116580.    0.0318752
      120.000      123114.      116580.    0.0560431
      123.000      122188.      116580.    0.0481029
      126.000      119538.      116580.    0.0253735
      129.000      118896.      116580.    0.0198639
      132.000      120023.      116580.    0.0295360
      135.000      122123.      116580.    0.0475506
      138.000      120075.      116580.    0.0299823
      141.000      113999.      116580.   -0.0221373
      144.000      107616.      116580.   -0.0768897
      147.000      100797.      116580.    -0.135380
      150.000      103543.      116580.    -0.111830
      153.000      111370.      116580.   -0.0446880
      156.000      116347.      116580.  -0.00199633
      159.000      111884.      116580.   -0.0402795
      162.000      108037.      116580.   -0.0732790
      165.000      111653.      116580.   -0.0422594
      168.000      117491.      116580.   0.00781148
      171.000      124677.      116580.    0.0694505
      174.000      127819.      116580.    0.0964051
      177.000      128435.      116580.     0.101690
      180.000      128618.      116580.     0.103255
      183.000      129136.      116580.     0.107700
      186.000      128533.      116580.     0.102529
      189.000      125212.      116580.    0.0740432
      192.000      116737.      116580.   0.00134289
      195.000      110493.      116580.   -0.0522133
      198.000      107349.      116580.   -0.0791813
      201.000      111977.      116580.   -0.0394841
      204.000      116365.      116580.  -0.00184197
      207.000      111218.      116580.   -0.0459982
      210.000      103029.      116580.    -0.116235
      213.000      100425.      116580.    -0.138575
      216.000      108443.      116580.   -0.0698010
      219.000      117432.      116580.   0.00730743
      222.000      125225.      116580.    0.0741541
      225.000      128163.      116580.    0.0993573
      228.000      124488.      116580.    0.0678347
      231.000      112837.      116580.   -0.0321030
      23      41      16.6600      75.0000      1.00000      0.00000
      111.000      82415.7      87581.9   -0.0589867
      114.000      87235.9      87581.9  -0.00395068
      117.000      90719.8      87581.9    0.0358279
      120.000      93510.6      87581.9    0.0676930
      123.000      93113.5      87581.9    0.0631600
      126.000      89723.0      87581.9    0.0244469
      129.000      86870.2      87581.9  -0.00812567
      132.000      86302.1      87581.9   -0.0146123
      135.000      87786.2      87581.9   0.00233345
      138.000      88679.3      87581.9    0.0125308
      141.000      86026.5      87581.9   -0.0177594
      144.000      82050.8      87581.9   -0.0631533
      147.000      78443.6      87581.9    -0.104340
      150.000      80311.5      87581.9   -0.0830118
      153.000      84510.5      87581.9   -0.0350691
      156.000      85612.9      87581.9   -0.0224814
      159.000      83291.1      87581.9   -0.0489919
      162.000      84881.7      87581.9   -0.0308301
      165.000      91165.5      87581.9    0.0409179
      168.000      94635.5      87581.9    0.0805374
      171.000      94421.2      87581.9    0.0780902
      174.000      91636.5      87581.9    0.0462951
      177.000      89983.2      87581.9    0.0274186
      180.000      89308.2      87581.9    0.0197111
      183.000      89805.0      87581.9    0.0253833
      186.000      91755.8      87581.9    0.0476578
      189.000      94836.2      87581.9    0.0828295
      192.000      94923.4      87581.9    0.0838244
      195.000      90960.8      87581.9    0.0385804
      198.000      85027.2      87581.9   -0.0291695
      201.000      82565.6      87581.9   -0.0572754
      204.000      84600.7      87581.9   -0.0340386
      207.000      83257.8      87581.9   -0.0493720
      210.000      79001.9      87581.9   -0.0979651
      213.000      77486.2      87581.9    -0.115271
      216.000      80818.6      87581.9   -0.0772224
      219.000      86356.4      87581.9   -0.0139926
      222.000      90923.2      87581.9    0.0381513
      225.000      93516.4      87581.9    0.0677602
      228.000      93407.5      87581.9    0.0665161
      231.000      88937.1      87581.9    0.0154743
      24      41      16.6600      78.0000      1.00000      0.00000
      111.000      64846.5      63254.6    0.0251674
      114.000      64467.8      63254.6    0.0191803
      117.000      65303.9      63254.6    0.0323985
      120.000      64757.8      63254.6    0.0237645
      123.000      64252.7      63254.6    0.0157797
      126.000      61374.4      63254.6   -0.0297240
      129.000      59719.7      63254.6   -0.0558833
      132.000      58808.8      63254.6   -0.0702837
      135.000      58586.9      63254.6   -0.0737924
      138.000      60950.7      63254.6   -0.0364222
      141.000      63731.9      63254.6   0.00754550
      144.000      64870.5      63254.6    0.0255465
      147.000      62495.4      63254.6   -0.0120016
      150.000      61315.9      63254.6   -0.0306495
      153.000      63662.9      63254.6   0.00645570
      156.000      64535.7      63254.6    0.0202537
      159.000      62836.1      63254.6  -0.00661499
      162.000      62204.3      63254.6   -0.0166033
      165.000      65883.1      63254.6    0.0415553
      168.000      69325.4      63254.6    0.0959748
      171.000      68968.6      63254.6    0.0903340
      174.000      65165.8      63254.6    0.0302148
      177.000      62897.9      63254.6  -0.00563956
      180.000      61141.2      63254.6   -0.0334103
      183.000      62278.0      63254.6   -0.0154388
      186.000      63588.2      63254.6   0.00527441
      189.000      66406.9      63254.6    0.0498352
      192.000      67263.2      63254.6    0.0633730
      195.000      64499.0      63254.6    0.0196730
      198.000      60846.0      63254.6   -0.0380776
      201.000      60076.5      63254.6   -0.0502425
      204.000      61523.4      63254.6   -0.0273683
      207.000      60942.5      63254.6   -0.0365526
      210.000      58508.4      63254.6   -0.0750335
      213.000      59565.9      63254.6   -0.0583152
      216.000      62924.3      63254.6  -0.00522171
      219.000      64446.5      63254.6    0.0188431
      222.000      63819.2      63254.6   0.00892645
      225.000      63329.2      63254.6   0.00117914
      228.000      65002.9      63254.6    0.0276393
      231.000      66374.4      63254.6    0.0493209
