RELA
RELAT. ATOMIC CHARGE DENSITY
0
 0.20408163E-05 0.11428571E+03 100049.00
  0.00001469185
  0.00001518961
  0.00001570426
  0.00001741492
  0.00001800489
  0.00001861490
  0.00001924558
  0.00001989762
  0.00002057175
  0.00002126872
  0.00002198931
  0.00002273430
  0.00002350453
  0.00002430085
  0.00002512415
  0.00002597535
  0.00002685537
  0.00002776521
  0.00002870587
  0.00002967840
  0.00003068387
  0.00003172341
  0.00003279816
  0.00003390931
  0.00003505811
  0.00003624583
  0.00003747377
  0.00003874332
  0.00004005587
  0.00004141288
  0.00004281586
  0.00004426637
  0.00004576601
  0.00004731645
  0.00004891940
  0.00005057666
  0.00005229005
  0.00005406148
  0.00005589292
  0.00005778639
  0.00005974399
  0.00006176791
  0.00006386038
  0.00006602373
  0.00006826035
  0.00007057273
  0.00007296343
  0.00007543511
  0.00007799051
  0.00008063246
  0.00008336389
  0.00008618784
  0.00008910743
  0.00009212591
  0.00009524662
  0.00009847303
  0.00010180871
  0.00010525737
  0.00010882283
  0.00011250904
  0.00011632010
  0.00012026022
  0.00012433379
  0.00012854531
  0.00013289946
  0.00013740107
  0.00014205513
  0.00014686681
  0.00015184143
  0.00015698451
  0.00016230177
  0.00016779908
  0.00017348256
  0.00017935849
  0.00018543341
  0.00019171403
  0.00019820733
  0.00020492051
  0.00021186100
  0.00021903650
  0.00022645497
  0.00023412463
  0.00024205399
  0.00025025182
  0.00025872722
  0.00026748959
  0.00027654863
  0.00028591438
  0.00029559723
  0.00030560791
  0.00031595751
  0.00032665750
  0.00033771973
  0.00034915647
  0.00036098039
  0.00037320459
  0.00038584260
  0.00039890845
  0.00041241659
  0.00042638199
  0.00044082013
  0.00045574700
  0.00047117913
  0.00048713361
  0.00050362812
  0.00052068092
  0.00053831090
  0.00055653759
  0.00057538116
  0.00059486248
  0.00061500312
  0.00063582538
  0.00065735232
  0.00067960776
  0.00070261635
  0.00072640354
  0.00075099568
  0.00077641998
  0.00080270457
  0.00082987854
  0.00085797198
  0.00088701595
  0.00091704261
  0.00094808516
  0.00098017795
  0.00101335649
  0.00104765747
  0.00108311884
  0.00111977981
  0.00115768093
  0.00119686411
  0.00123737268
  0.00127925143
  0.00132254665
  0.00136730622
  0.00141357960
  0.00146141794
  0.00151087412
  0.00156200279
  0.00161486045
  0.00166950550
  0.00172599831
  0.00178440130
  0.00184477897
  0.00190719803
  0.00197172739
  0.00203843832
  0.00210740448
  0.00217870201
  0.00225240963
  0.00232860870
  0.00240738331
  0.00248882040
  0.00257300983
  0.00266004450
  0.00275002042
  0.00284303685
  0.00293919636
  0.00303860502
  0.00314137243
  0.00324761190
  0.00335744055
  0.00347097943
  0.00358835368
  0.00370969263
  0.00383512998
  0.00396480390
  0.00409885723
  0.00423743761
  0.00438069763
  0.00452879502
  0.00468189280
  0.00484015948
  0.00500376922
  0.00517290203
  0.00534774398
  0.00552848738
  0.00571533098
  0.00590848023
  0.00610814745
  0.00631455211
  0.00652792102
  0.00674848861
  0.00697649717
  0.00721219712
  0.00745584727
  0.00770771510
  0.00796807706
  0.00823721886
  0.00851543578
  0.00880303301
  0.00910032593
  0.00940764048
  0.00972531354
  0.01005369323
  0.01039313932
  0.01074402364
  0.01110673043
  0.01148165678
  0.01186921304
  0.01226982331
  0.01268392581
  0.01311197343
  0.01355443417
  0.01401179164
  0.01448454562
  0.01497321252
  0.01547832601
  0.01600043754
  0.01654011693
  0.01709795301
  0.01767455421
  0.01827054921
  0.01888658766
  0.01952334079
  0.02018150218
  0.02086178846
  0.02156494012
  0.02229172223
  0.02304292528
  0.02381936604
  0.02462188835
  0.02545136409
  0.02630869406
  0.02719480892
  0.02811067018
  0.02905727122
  0.03003563831
  0.03104683169
  0.03209194672
  0.03317211494
  0.03428850534
  0.03544232555
  0.03663482305
  0.03786728654
  0.03914104725
  0.04045748031
  0.04181800618
  0.04322409215
  0.04467725381
  0.04617905667
  0.04773111770
  0.04933510709
  0.05099274989
  0.05270582781
  0.05447618106
  0.05630571019
  0.05819637811
  0.06015021200
  0.06216930547
  0.06425582059
  0.06641199019
  0.06864012004
  0.07094259122
  0.07332186255
  0.07578047300
  0.07832104433
  0.08094628366
  0.08365898622
  0.08646203812
  0.08935841926
  0.09235120631
  0.09544357571
  0.09863880691
  0.10194028553
  0.10535150679
  0.10887607888
  0.11251772657
  0.11628029485
  0.12016775265
  0.12418419681
  0.12833385597
  0.13262109474
  0.13705041793
  0.14162647488
  0.14635406396
  0.15123813718
  0.15628380493
  0.16149634086
  0.16688118695
  0.17244395862
  0.17819045008
  0.18412663980
  0.19025869615
  0.19659298315
  0.20313606645
  0.20989471944
  0.21687592953
  0.22408690461
  0.23153507973
  0.23922812386
  0.24717394698
  0.25538070721
  0.26385681827
  0.27261095706
  0.28165207145
  0.29098938832
  0.30063242178
  0.31059098160
  0.32087518191
  0.33149545007
  0.34246253579
  0.35378752051
  0.36548182699
  0.37755722914
  0.39002586214
  0.40290023274
  0.41619322993
  0.42991813571
  0.44408863629
  0.45871883345
  0.47382325622
  0.48941687279
  0.50551510279
  0.52213382976
  0.53928941394
  0.55699870538
  0.57527905730
  0.59414833977
  0.61362495368
  0.63372784501
  0.65447651943
  0.67589105716
  0.69799212814
  0.72080100759
  0.74433959175
  0.76863041404
  0.79369666143
  0.81956219125
  0.84625154812
  0.87378998141
  0.90220346280
  0.93151870426
  0.96176317630
  0.99296512643
  1.02515359817
  1.05835845018
  1.09261037499
  1.12794091952
  1.16438250484
  1.20196844580
  1.24073297192
  1.28071124787
  1.32193939433
  1.36445450908
  1.40829468819
  1.45349904750
  1.50010774415
  1.54816199827
  1.59770411486
  1.64877750562
  1.70142671099
  1.75569742212
  1.81163650290
  1.86929201198
  1.92871322469
  1.98995065493
  2.05305607688
  2.11808254659
  2.18508442335
  2.25411739078
  2.32523847765
  2.39850607837
  2.47397997300
  2.55172134687
  2.63179280968
  2.71425841393
  2.79918367281
  2.88663557729
  2.97668261241
  3.06939477279
  3.16484357703
  3.26310208116
  3.36424489097
  3.46834817310
  3.57548966422
  3.68574868097
  3.79920612476
  3.91594448659
  4.03604785303
  4.15960190545
  4.28669391935
  4.41741276227
  4.55184888826
  4.69009433026
  4.83224268987
  4.97838912430
  5.12863033030
  5.28306452512
  5.44179142402
  5.60491221435
  5.77252952601
  5.94474739793
  6.12167124054
  6.30340779393
  6.49006508152
  6.68175235899
  6.87858005825
  7.08065972624
  7.28810395828
  7.50102632575
  7.71954129787
  7.94376415727
  8.17381090908
  8.40979818344
  8.65184313087
  8.90006331049
  9.15457657069
  9.41550092201
  9.68295440188
  9.95705493102
 10.23792016121
 10.52566731412
 10.82041301085
 11.12227309208
 11.43136242835
 11.74779472038
 12.07168228903
 12.40313585465
 12.74226430572
 13.08917445634
 13.44397079111
 13.80675520640
 14.17762672018
 14.55668119400
 14.94401103326
 15.33970486442
 15.74384721687
 16.15651818252
 16.57779306565
 17.00774201991
 17.44642967278
 17.89391473749
 18.35024961263
 18.81547996936
 19.28964432653
 19.77277361391
 20.26489072370
 20.76601005085
 21.27613702238
 21.79526761629
 22.32338787052
 22.86047338262
 23.40648880081
 23.96138730711
 24.52511009358
 25.09758583236
 25.67873014083
 26.26844504284
 26.86661842739
 27.47312350596
 28.08781827021
 28.71054495143
 29.34112948356
 29.97938097164
 30.62509116762
 31.27803395566
 31.93796484923
 32.60462050230
 33.27771823721
 33.95695559195
 34.64200988952
 35.33253783255
 36.02817512613
 36.72853613212
 37.43321355865
 38.14177818760
 38.85377864486
 39.56874121634
 40.28616971371
 41.00554539458
 41.72632694065
 42.44795049852
 43.16982978726
 43.89135627759
 44.61189944675
 45.33080711406
 46.04740586154
 46.76100154436
 47.47087989565
 48.17630723033
 48.87653125257
 49.57078197121
 50.25827272749
 50.93820133945
 51.60975136680
 52.27209349992
 52.92438707844
 53.56578173636
 54.19541918607
 54.81243514122
 55.41596136668
 56.00512787859
 56.57906528578
 57.13690726647
 57.67779319081
 58.20087088220
 58.70529951788
 59.19025266478
 59.65492144737
 60.09851785628
 60.52027813152
 60.91946635480
 61.29537806623
 61.64734398647
 61.97473389337
 62.27696051833
 62.55348352879
 62.80381356462
 63.02751630969
 63.22421658274
 63.39360244270
 63.53542924615
 63.64952371297
 63.73578789866
 63.79420308666
 63.82483358245
 63.82783036591
 63.80343458117
 63.75198083460
 63.67390027047
 63.56972339331
 63.44008260478
 63.28571442256
 63.10746134774
 62.90627334600
 62.68320891718
 62.43943568279
 62.17623054383
 61.89497926174
 61.59717549662
 61.28441929847
 60.95841494411
 60.62096813796
 60.27398256747
 59.91945573454
 59.55947408680
 59.19620741521
 58.83190250025
 58.46887600004
 58.10950657205
 57.75622622626
 57.41151091259
 57.07787035029
 56.75783711286
 56.45395495404
 56.16876667731
 55.90480044994
 55.66455266766
 55.45049705273
 55.26501455482
 55.11045669575
 54.98907620241
 54.90290991428
 54.85414185135
 54.84454819359
 54.87590120728
 54.94976574813
 55.06752861114
 55.23037738238
 55.43928556275
 55.69499795980
 55.99801679037
 56.34858863037
 56.74669234968
 57.19202817298
 57.68400800894
 58.22174718979
 58.80405776204
 59.42944346560
 60.09609653430
 60.80189644455
 61.54441073138
 62.32089798200
 63.12831310632
 63.96331497154
 64.82227647414
 65.70129710691
 66.59621806200
 67.50263989182
 68.41594273022
 69.33130905452
 70.24374894650
 71.14812778645
 72.03919628975
 72.91162276940
 73.76002748185
 74.57901888635
 75.36323162104
 76.10736597202
 76.80622858446
 77.45477413886
 78.04814769008
 78.58172734234
 79.05116691089
 79.45243820008
 79.78187250900
 80.03620095973
 80.21259323026
 80.30869426432
 80.32265852424
 80.25318135111
 80.09952699861
 79.86155291415
 79.53972985278
 79.13515742669
 78.64957471587
 78.08536559352
 77.44555845433
 76.73382007287
 75.95444336534
 75.11232887876
 74.21295988822
 73.26237104414
 72.26711057797
 71.23419614090
 70.17106443954
 69.08551491408
 67.98564688629
 66.87979583025
 65.77644984672
 64.68419284880
 63.61160328151
 62.56717452140
 61.55926183545
 60.59594286645
 59.68499041932
 58.83374311897
 58.04903136763
 57.33710834639
 56.70355321109
 56.15321036704
 55.69012277937
 55.31746162377
 55.03747893340
 54.85146036123
 54.75969013173
 54.76142563339
 54.85488281666
 55.03723289121
 55.30461072420
 55.65213520084
 56.07394165879
 56.56322635154
 57.11230273367
 57.71266919649
 58.35508771838
 59.02967272643
 59.72598932653
 60.43315986270
 61.13997768663
 61.83502691045
 62.50680668622
 63.14385851930
 63.73489514551
 64.26892935316
 64.73540110723
 65.12430134050
 65.42629079964
 65.63281237165
 65.73619538212
 65.72975044472
 65.60785355085
 65.36601821833
 65.00095466564
 64.51061514227
 63.89422472311
 63.15229706363
 62.28663480911
 61.30031455397
 60.19765645174
 58.98417878108
 57.66653797489
 56.25245481485
 54.75062768096
 53.17063392171
 51.52282057270
 49.81818579839
 48.06825255879
 46.28493611412
 44.48040708719
 42.66695198665
 40.85683138756
 39.06212816976
 37.29461394530
 35.56562201983
 33.88592573523
 32.26563566794
 30.71409040992
 29.23975022689
 27.85010862001
 26.55162110800
 25.34964755120
 24.24840937517
 23.25096212367
 22.35918357595
 21.57377742864
 20.89429230419
 20.31915561260
 19.84572156401
 19.47033241230
 19.18839180757
 18.99444895310
 18.88229210349
 18.84504980874
 18.87529820681
 18.96517259729
 19.10648148957
 19.29082132349
 19.50969005532
 19.75459800686
 20.01717425906
 20.28926714480
 20.56303746116
 20.83104324785
 21.08631521918
 21.32242202408
 21.53352480423
 21.71442070784
 21.86057520787
 21.96814329221
 22.03397978913
 22.05563926919
 22.03136612392
 21.96007555998
 21.84132636358
 21.67528638103
 21.46269172883
 21.20480078907
 20.90334406456
 20.56047096471
 20.17869456826
 19.76083536631
 19.30996492915
 18.82935036867
 18.32240037119
 17.79261329630
 17.24352860887
 16.67868174402
 16.10156218556
 15.51557588355
 14.92401195220
 14.33001374748
 13.73655443204
 13.14641683778
 12.56217761340
 11.98619546911
 11.42060329113
 10.86730386546
 10.32796891788
  9.80404115396
  9.29673896798
  8.80706348207
  8.33580757604
  7.88356657383
  7.45075026275
  7.03759593892
  6.64418220169
  6.27044317262
  5.91618296818
  5.58109012877
  5.26475188652
  4.96666812725
  4.68626470139
  4.42290622422
  4.17590814943
  3.94454805369
  3.72807606213
  3.52572438754
  3.33671601412
  3.16027249398
  2.99562086986
  2.84199974691
  2.69866454677
  2.56489198736
  2.43998383618
  2.32326998235
  2.21411087741
  2.11189939773
  2.01606218051
  1.92606048524
  1.84139063007
  1.76158405087
  1.68620702811
  1.61486012393
  1.54717736896
  1.48282523557
  1.42150143104
  1.36293354140
  1.30687755446
  1.25311628726
  1.20145774180
  1.15173340939
  1.10379654408
  1.05752042177
  1.01279660137
  0.96953320246
  0.92765321323
  0.88709283899
  0.84779990436
  0.80973231715
  0.77285660328
  0.73714652008
  0.70258175465
  0.66914671253
  0.63682940147
  0.60562041392
  0.57551200551
  0.54649727848
  0.51856946631
  0.49172131819
  0.46594458158
  0.44122957964
  0.41756488002
  0.39493705000
  0.37333049276
  0.35272735919
  0.33310752685
  0.31444864525
  0.29672622540
  0.27991377785
  0.26398299230
  0.24890395659
  0.23464537702
  0.22117483407
  0.20845904829
  0.19646414850
  0.18515593748
  0.17450015009
  0.16446269995
  0.15500991073
  0.14610872925
  0.13772691776
  0.12983322346
  0.12239752489
  0.11539095270
  0.10878598699
  0.10255653014
  0.09667795634
  0.09112713935
  0.08588245968
  0.08092379326
  0.07623248401
  0.07179130600
  0.06758441022
  0.06359724286
  0.05981647630
  0.05622993247
  0.05282650423
  0.04959606985
  0.04652940857
  0.04361811603
  0.04085452157
  0.03823160820
  0.03574293636
  0.03338258331
  0.03114498423
  0.02902513763
  0.02701821992
  0.02511972966
  0.02332540150
  0.02163116882
  0.02003313155
  0.01852752893
  0.01711071690
  0.01577914963
  0.01452936487
  0.01335797277
  0.01226164726
  0.01123712126
  0.01028118089
  0.00939066672
  0.00856247237
  0.00779354579
  0.00708088994
  0.00642156991
  0.00581271041
  0.00525150327
  0.00473521035
  0.00426116733
  0.00382678744
  0.00342956618
  0.00306708236
  0.00273700200
  0.00243707933
  0.00216516120
  0.00191919052
  0.00169720427
  0.00149733446
  0.00131780869
  0.00115694985
  0.00101317557
  0.00088499722
  0.00077101852
  0.00066993352
  0.00058052438
  0.00050165855
  0.00043228698
  0.00037144035
  0.00031822570
  0.00027182318
  0.00023148252
  0.00019651942
  0.00016631182
  0.00014029603
  0.00011796306
  0.00009885492
  0.00008256099
  0.00006871446
  0.00005698888
  0.00004709466
  0.00003877608
  0.00003180804
  0.00002599325
  0.00002115944
  0.00001715680
  0.00001385560
  0.00001114394
  0.00000892573
  0.00000711881
  0.00000565322
  0.00000446966
  0.00000351811
  0.00000275655
  0.00000214985
  0.00000166879
  0.00000128917
  0.00000099106
  0.00000075812
  0.00000057702
  0.00000043695
  0.00000032918
  0.00000024670
  0.00000018393
  0.00000013641
  0.00000010064
  0.00000007387
  0.00000005396
  0.00000003923
  0.00000002840
  0.00000002049
  0.00000001475
  0.00000001061
  0.00000000765
  0.00000000554
  0.00000000406
  0.00000000302
  0.00000000231
  0.00000000184
  0.00000000154
  0.00000000138
  0.00000000134
  0.00000000015
  0.00000000008
  0.00000000004
  0.00000000001
  0.00000000000
  0.00000000000
  0.00000000000
  0.00000000000
  0.00000000000
  0.00000000000
  0.00000000000
  0.00000000000
  0.00000000000
  0.00000000000
  0.00000000000
  0.00000000000
  0.00000000000
  0.00000000000
  0.00000000000
  0.00000000000
  0.00000000000
  0.00000000000
  0.00000000000
  0.00000000000
  0.00000000000
  0.00000000000
  0.00000000000
  0.00000000000
  0.00000000000
  0.00000000000
  0.00000000000
  0.00000000000
  0.00000000000
  0.00000000000
  0.00000000000
  0.00000000000
  0.00000000000
  0.00000000000
  0.00000000000
  0.00000000000
  0.00000000000
  0.00000000000
  0.00000000000
  0.00000000000
  0.00000000000
  0.00000000000
  0.00000000000
  0.00000000000
