   811    12   177     datakind beginning-row linenumbers
-----------------------------------------------------------------
Conversion of traditional potential data to mscd format
POCONV Version 1.20 Yufeng Chen and Michel A Van Hove
Lawrence Berkeley National Laboratory (LBNL), Berkeley, CA 94720
Copyright (c) Van Hove Group 1997-1998. All rights reserved
-----------------------------------------------------------------

         1                   1 potential data

   r (angstrom)   rV (eV-angs)
   7.976135e-05   3.741629e+02
   8.385180e-05   3.741485e+02
   8.815393e-05   3.741413e+02
   9.267301e-05   3.741269e+02
   9.742493e-05   3.741197e+02
   1.024203e-04   3.741053e+02
   1.076696e-04   3.740909e+02
   1.131888e-04   3.740765e+02
   1.189938e-04   3.740621e+02
   1.250951e-04   3.740477e+02
   1.315086e-04   3.740261e+02
   1.382502e-04   3.740117e+02
   1.453357e-04   3.739973e+02
   1.527917e-04   3.739757e+02
   1.606234e-04   3.739541e+02
   1.688572e-04   3.739325e+02
   1.775144e-04   3.739109e+02
   1.866160e-04   3.738893e+02
   1.961834e-04   3.738605e+02
   2.062428e-04   3.738389e+02
   2.168209e-04   3.738102e+02
   2.279334e-04   3.737813e+02
   2.396227e-04   3.737525e+02
   2.519100e-04   3.737237e+02
   2.648216e-04   3.736877e+02
   2.784001e-04   3.736518e+02
   2.926770e-04   3.736158e+02
   3.076789e-04   3.735797e+02
   3.234586e-04   3.735366e+02
   3.400427e-04   3.734934e+02
   3.574735e-04   3.734502e+02
   3.758038e-04   3.733998e+02
   3.950708e-04   3.733494e+02
   4.153273e-04   3.732990e+02
   4.366210e-04   3.732414e+02
   4.590047e-04   3.731838e+02
   4.825421e-04   3.731262e+02
   5.072806e-04   3.730614e+02
   5.332945e-04   3.729966e+02
   5.606525e-04   3.729246e+02
   5.893862e-04   3.728526e+02
   6.196016e-04   3.727734e+02
   6.513516e-04   3.726870e+02
   6.847421e-04   3.726006e+02
   7.198788e-04   3.725143e+02
   7.567617e-04   3.724135e+02
   7.956026e-04   3.723127e+02
   8.363485e-04   3.722119e+02
   8.792639e-04   3.720967e+02
   9.243489e-04   3.719815e+02
   9.717094e-04   3.718591e+02
   1.021557e-03   3.717295e+02
   1.073944e-03   3.715927e+02
   1.128978e-03   3.714488e+02
   1.186869e-03   3.712976e+02
   1.247723e-03   3.711392e+02
   1.311699e-03   3.709736e+02
   1.378956e-03   3.707936e+02
   1.449653e-03   3.706136e+02
   1.523948e-03   3.704193e+02
   1.602106e-03   3.702105e+02
   1.684233e-03   3.699945e+02
   1.770593e-03   3.697713e+02
   1.861398e-03   3.695337e+02
   1.956807e-03   3.692818e+02
   2.057137e-03   3.690154e+02
   2.162600e-03   3.687418e+02
   2.273513e-03   3.684467e+02
   2.390036e-03   3.681443e+02
   2.512591e-03   3.678203e+02
   2.641443e-03   3.674819e+02
   2.776857e-03   3.671220e+02
   2.919203e-03   3.667476e+02
   3.068904e-03   3.663660e+02
   3.226225e-03   3.659485e+02
   3.391643e-03   3.655165e+02
   3.565527e-03   3.650558e+02
   3.748354e-03   3.645734e+02
   3.940548e-03   3.640695e+02
   4.142584e-03   3.635367e+02
   4.354991e-03   3.629824e+02
   4.578247e-03   3.623920e+02
   4.812985e-03   3.617801e+02
   5.059789e-03   3.611321e+02
   5.319187e-03   3.604554e+02
   5.591708e-03   3.598939e+02
   5.878516e-03   3.591451e+02
   6.180142e-03   3.583676e+02
   6.497112e-03   3.575469e+02
   6.829958e-03   3.566830e+02
   7.180267e-03   3.557831e+02
   7.548038e-03   3.548399e+02
   7.935388e-03   3.538464e+02
   8.342317e-03   3.528169e+02
   8.769885e-03   3.517298e+02
   9.219676e-03   3.505995e+02
   9.692223e-03   3.494189e+02
   1.018911e-02   3.481806e+02
   1.071140e-02   3.468919e+02
   1.126067e-02   3.455384e+02
   1.183799e-02   3.441346e+02
   1.244495e-02   3.426731e+02
   1.308312e-02   3.411469e+02
   1.375411e-02   3.395558e+02
   1.445896e-02   3.379000e+02
   1.520032e-02   3.361793e+02
   1.597979e-02   3.343867e+02
   1.679894e-02   3.325292e+02
   1.766042e-02   3.305999e+02
   1.856582e-02   3.285984e+02
   1.951779e-02   3.265250e+02
   2.051845e-02   3.243652e+02
   2.157043e-02   3.221334e+02
   2.267639e-02   3.198297e+02
   2.383897e-02   3.174323e+02
   2.506135e-02   3.149557e+02
   2.634617e-02   3.124000e+02
   2.769713e-02   3.097506e+02
   2.911689e-02   3.070149e+02
   3.060967e-02   3.041927e+02
   3.217918e-02   3.013130e+02
   3.382912e-02   2.983037e+02
   3.556373e-02   2.952080e+02
   3.738671e-02   2.920115e+02
   3.930388e-02   2.887286e+02
   4.131895e-02   2.853521e+02
   4.343720e-02   2.818820e+02
   4.566447e-02   2.783184e+02
   4.800550e-02   2.746683e+02
   5.046719e-02   2.709247e+02
   5.305428e-02   2.670946e+02
   5.577420e-02   2.631782e+02
   5.863170e-02   2.591682e+02
   6.164266e-02   2.550718e+02
   6.480179e-02   2.508746e+02
   6.812496e-02   2.465982e+02
   7.161746e-02   2.422426e+02
   7.528988e-02   2.377934e+02
   7.914751e-02   2.332723e+02
   8.320622e-02   2.288879e+02
   8.747131e-02   2.242227e+02
   9.195863e-02   2.194928e+02
   9.667352e-02   2.146980e+02
   1.016265e-01   2.098601e+02
   1.068388e-01   2.049718e+02
   1.123157e-01   2.000474e+02
   1.180730e-01   1.950871e+02
   1.241267e-01   1.900980e+02
   1.304926e-01   1.850728e+02
   1.371813e-01   1.800261e+02
   1.442192e-01   1.749506e+02
   1.516116e-01   1.698391e+02
   1.593851e-01   1.648932e+02
   1.675554e-01   1.597384e+02
   1.761491e-01   1.545405e+02
   1.851767e-01   1.493498e+02
   1.946699e-01   1.441159e+02
   2.046553e-01   1.388748e+02
   2.151487e-01   1.336409e+02
   2.261766e-01   1.284214e+02
   2.377759e-01   1.232235e+02
   2.499626e-01   1.182200e+02
   2.627790e-01   1.130509e+02
   2.762516e-01   1.078962e+02
   2.904174e-01   1.027487e+02
   3.053082e-01   9.761554e+01
   3.209610e-01   9.251122e+01
   3.374180e-01   8.764449e+01
   3.547165e-01   8.265536e+01
   3.729040e-01   7.775262e+01
   3.920228e-01   7.295788e+01
   4.121206e-01   6.829560e+01
   4.332502e-01   6.392562e+01
   4.554646e-01   5.959235e+01
   4.788167e-01   5.544554e+01
   5.033648e-01   5.150679e+01
   5.291670e-01   4.787762e+01
