    711    12   257     datakind beginning-row linenumbers
 ----------------------------------------------------------------
                     David A. Shirley's group
               Pennsylvania State University (PSU)
           Lawrence Berkeley National Laboratory (LBNL)
      Copyright (c) 1995-1996 DAS group. All rights reserved
 ----------------------------------------------------------------

         1              1 phase shift data

         k   p(l=0)   p(l=1)   p(l=2)   p(l=3)   p(l=4)   p(l=5)   p(l=6)   p(l=7)  p(l=08)  p(l=09)  p(l=10)  p(l=11)  p(l=12)
        13              lnum
    5.0000   0.8008  -1.2583   2.5491   0.0869   0.0043   0.0002   0.0000   0.0000   0.0000   0.0000   0.0000   0.0000   0.0000
    5.0500   0.7841  -1.2715   2.5442   0.0928   0.0046   0.0002   0.0000   0.0000   0.0000   0.0000   0.0000   0.0000   0.0000
    5.1000   0.7676  -1.2847   2.5394   0.0990   0.0050   0.0002   0.0000   0.0000   0.0000   0.0000   0.0000   0.0000   0.0000
    5.1500   0.7513  -1.2978   2.5346   0.1056   0.0054   0.0003   0.0000   0.0000   0.0000   0.0000   0.0000   0.0000   0.0000
    5.2000   0.7351  -1.3107   2.5299   0.1126   0.0058   0.0003   0.0000   0.0000   0.0000   0.0000   0.0000   0.0000   0.0000
    5.2500   0.7190  -1.3236   2.5252   0.1200   0.0063   0.0003   0.0000   0.0000   0.0000   0.0000   0.0000   0.0000   0.0000
    5.3000   0.7031  -1.3363   2.5205   0.1277   0.0068   0.0003   0.0000   0.0000   0.0000   0.0000   0.0000   0.0000   0.0000
    5.3500   0.6873  -1.3489   2.5159   0.1359   0.0073   0.0004   0.0000   0.0000   0.0000   0.0000   0.0000   0.0000   0.0000
    5.4000   0.6716  -1.3614   2.5114   0.1445   0.0079   0.0004   0.0000   0.0000   0.0000   0.0000   0.0000   0.0000   0.0000
    5.4500   0.6561  -1.3737   2.5069   0.1535   0.0085   0.0005   0.0000   0.0000   0.0000   0.0000   0.0000   0.0000   0.0000
    5.5000   0.6407  -1.3860   2.5026   0.1630   0.0092   0.0005   0.0000   0.0000   0.0000   0.0000   0.0000   0.0000   0.0000
    5.5500   0.6255  -1.3981   2.4983   0.1730   0.0098   0.0006   0.0000   0.0000   0.0000   0.0000   0.0000   0.0000   0.0000
    5.6000   0.6104  -1.4101   2.4941   0.1835   0.0106   0.0006   0.0000   0.0000   0.0000   0.0000   0.0000   0.0000   0.0000
    5.6500   0.5954  -1.4220   2.4900   0.1944   0.0113   0.0007   0.0000   0.0000   0.0000   0.0000   0.0000   0.0000   0.0000
    5.7000   0.5806  -1.4338   2.4859   0.2059   0.0122   0.0007   0.0000   0.0000   0.0000   0.0000   0.0000   0.0000   0.0000
    5.7500   0.5659  -1.4454   2.4820   0.2180   0.0130   0.0008   0.0000   0.0000   0.0000   0.0000   0.0000   0.0000   0.0000
    5.8000   0.5514  -1.4569   2.4782   0.2305   0.0140   0.0009   0.0000   0.0000   0.0000   0.0000   0.0000   0.0000   0.0000
    5.8500   0.5370  -1.4683   2.4745   0.2437   0.0149   0.0009   0.0000   0.0000   0.0000   0.0000   0.0000   0.0000   0.0000
    5.9000   0.5227  -1.4796   2.4709   0.2574   0.0160   0.0010   0.0001   0.0000   0.0000   0.0000   0.0000   0.0000   0.0000
    5.9500   0.5086  -1.4908   2.4675   0.2716   0.0171   0.0011   0.0001   0.0000   0.0000   0.0000   0.0000   0.0000   0.0000
    6.0000   0.4946  -1.5018   2.4641   0.2865   0.0182   0.0012   0.0001   0.0000   0.0000   0.0000   0.0000   0.0000   0.0000
    6.0500   0.4807  -1.5127   2.4609   0.3019   0.0194   0.0013   0.0001   0.0000   0.0000   0.0000   0.0000   0.0000   0.0000
    6.1000   0.4670  -1.5234   2.4578   0.3180   0.0207   0.0014   0.0001   0.0000   0.0000   0.0000   0.0000   0.0000   0.0000
    6.1500   0.4534  -1.5340   2.4549   0.3346   0.0221   0.0015   0.0001   0.0000   0.0000   0.0000   0.0000   0.0000   0.0000
    6.2000   0.4400  -1.5445   2.4521   0.3518   0.0235   0.0016   0.0001   0.0000   0.0000   0.0000   0.0000   0.0000   0.0000
    6.2500   0.4267  -1.5549   2.4494   0.3695   0.0250   0.0018   0.0001   0.0000   0.0000   0.0000   0.0000   0.0000   0.0000
    6.3000   0.4135  -1.5652   2.4469   0.3879   0.0266   0.0019   0.0001   0.0000   0.0000   0.0000   0.0000   0.0000   0.0000
    6.3500   0.4005  -1.5753   2.4445   0.4067   0.0283   0.0021   0.0001   0.0000   0.0000   0.0000   0.0000   0.0000   0.0000
    6.4000   0.3875  -1.5853   2.4423   0.4261   0.0300   0.0022   0.0001   0.0000   0.0000   0.0000   0.0000   0.0000   0.0000
    6.4500   0.3748  -1.5951   2.4402   0.4460   0.0319   0.0024   0.0001   0.0000   0.0000   0.0000   0.0000   0.0000   0.0000
    6.5000   0.3621  -1.6048   2.4383   0.4664   0.0338   0.0026   0.0002   0.0000   0.0000   0.0000   0.0000   0.0000   0.0000
    6.5500   0.3496  -1.6144   2.4365   0.4871   0.0358   0.0028   0.0002   0.0000   0.0000   0.0000   0.0000   0.0000   0.0000
    6.6000   0.3372  -1.6239   2.4349   0.5083   0.0380   0.0030   0.0002   0.0000   0.0000   0.0000   0.0000   0.0000   0.0000
    6.6500   0.3249  -1.6332   2.4335   0.5299   0.0402   0.0032   0.0002   0.0000   0.0000   0.0000   0.0000   0.0000   0.0000
    6.7000   0.3128  -1.6424   2.4322   0.5518   0.0426   0.0034   0.0002   0.0000   0.0000   0.0000   0.0000   0.0000   0.0000
    6.7500   0.3008  -1.6515   2.4311   0.5739   0.0450   0.0037   0.0002   0.0000   0.0000   0.0000   0.0000   0.0000   0.0000
    6.8000   0.2889  -1.6605   2.4302   0.5962   0.0476   0.0040   0.0003   0.0000   0.0000   0.0000   0.0000   0.0000   0.0000
    6.8500   0.2771  -1.6693   2.4294   0.6187   0.0503   0.0042   0.0003   0.0000   0.0000   0.0000   0.0000   0.0000   0.0000
    6.9000   0.2655  -1.6780   2.4288   0.6414   0.0531   0.0045   0.0003   0.0000   0.0000   0.0000   0.0000   0.0000   0.0000
    6.9500   0.2539  -1.6865   2.4283   0.6640   0.0561   0.0048   0.0003   0.0000   0.0000   0.0000   0.0000   0.0000   0.0000
    7.0000   0.2425  -1.6950   2.4280   0.6867   0.0591   0.0052   0.0004   0.0000   0.0000   0.0000   0.0000   0.0000   0.0000
    7.0500   0.2312  -1.7033   2.4279   0.7092   0.0624   0.0055   0.0004   0.0000   0.0000   0.0000   0.0000   0.0000   0.0000
    7.1000   0.2201  -1.7115   2.4279   0.7317   0.0657   0.0059   0.0004   0.0000   0.0000   0.0000   0.0000   0.0000   0.0000
    7.1500   0.2090  -1.7196   2.4281   0.7539   0.0692   0.0063   0.0005   0.0000   0.0000   0.0000   0.0000   0.0000   0.0000
    7.2000   0.1981  -1.7275   2.4285   0.7760   0.0729   0.0067   0.0005   0.0000   0.0000   0.0000   0.0000   0.0000   0.0000
    7.2500   0.1872  -1.7354   2.4290   0.7977   0.0766   0.0072   0.0006   0.0000   0.0000   0.0000   0.0000   0.0000   0.0000
    7.3000   0.1765  -1.7431   2.4296   0.8191   0.0806   0.0076   0.0006   0.0000   0.0000   0.0000   0.0000   0.0000   0.0000
    7.3500   0.1659  -1.7507   2.4304   0.8401   0.0847   0.0081   0.0006   0.0000   0.0000   0.0000   0.0000   0.0000   0.0000
    7.4000   0.1554  -1.7581   2.4314   0.8607   0.0890   0.0087   0.0007   0.0000   0.0000   0.0000   0.0000   0.0000   0.0000
    7.4500   0.1450  -1.7655   2.4325   0.8808   0.0934   0.0092   0.0008   0.0000   0.0000   0.0000   0.0000   0.0000   0.0000
    7.5000   0.1347  -1.7728   2.4337   0.9005   0.0981   0.0098   0.0008   0.0001   0.0000   0.0000   0.0000   0.0000   0.0000
    7.5500   0.1245  -1.7799   2.4351   0.9196   0.1029   0.0104   0.0009   0.0001   0.0000   0.0000   0.0000   0.0000   0.0000
    7.6000   0.1144  -1.7870   2.4366   0.9381   0.1078   0.0110   0.0009   0.0001   0.0000   0.0000   0.0000   0.0000   0.0000
    7.6500   0.1044  -1.7939   2.4382   0.9561   0.1130   0.0117   0.0010   0.0001   0.0000   0.0000   0.0000   0.0000   0.0000
    7.7000   0.0945  -1.8008   2.4400   0.9736   0.1183   0.0124   0.0011   0.0001   0.0000   0.0000   0.0000   0.0000   0.0000
    7.7500   0.0846  -1.8075   2.4418   0.9904   0.1239   0.0132   0.0012   0.0001   0.0000   0.0000   0.0000   0.0000   0.0000
    7.8000   0.0749  -1.8142   2.4438   1.0066   0.1296   0.0140   0.0013   0.0001   0.0000   0.0000   0.0000   0.0000   0.0000
    7.8500   0.0652  -1.8207   2.4459   1.0222   0.1355   0.0148   0.0013   0.0001   0.0000   0.0000   0.0000   0.0000   0.0000
    7.9000   0.0557  -1.8272   2.4480   1.0372   0.1416   0.0156   0.0014   0.0001   0.0000   0.0000   0.0000   0.0000   0.0000
    7.9500   0.0462  -1.8335   2.4502   1.0516   0.1480   0.0165   0.0015   0.0001   0.0000   0.0000   0.0000   0.0000   0.0000
    8.0000   0.0368  -1.8398   2.4526   1.0654   0.1545   0.0175   0.0017   0.0001   0.0000   0.0000   0.0000   0.0000   0.0000
    8.0500   0.0274  -1.8460   2.4549   1.0786   0.1612   0.0185   0.0018   0.0001   0.0000   0.0000   0.0000   0.0000   0.0000
    8.1000   0.0182  -1.8522   2.4574   1.0912   0.1682   0.0195   0.0019   0.0001   0.0000   0.0000   0.0000   0.0000   0.0000
    8.1500   0.0090  -1.8582   2.4599   1.1032   0.1753   0.0206   0.0020   0.0002   0.0000   0.0000   0.0000   0.0000   0.0000
    8.2000  -0.0001  -1.8642   2.4624   1.1147   0.1826   0.0217   0.0022   0.0002   0.0000   0.0000   0.0000   0.0000   0.0000
    8.2500  -0.0092  -1.8701   2.4650   1.1256   0.1902   0.0229   0.0023   0.0002   0.0000   0.0000   0.0000   0.0000   0.0000
    8.3000  -0.0182  -1.8760   2.4676   1.1360   0.1980   0.0241   0.0025   0.0002   0.0000   0.0000   0.0000   0.0000   0.0000
    8.3500  -0.0271  -1.8818   2.4702   1.1458   0.2059   0.0254   0.0026   0.0002   0.0000   0.0000   0.0000   0.0000   0.0000
    8.4000  -0.0360  -1.8875   2.4728   1.1552   0.2141   0.0268   0.0028   0.0002   0.0000   0.0000   0.0000   0.0000   0.0000
    8.4500  -0.0448  -1.8932   2.4754   1.1640   0.2225   0.0282   0.0030   0.0003   0.0000   0.0000   0.0000   0.0000   0.0000
    8.5000  -0.0536  -1.8988   2.4780   1.1724   0.2311   0.0297   0.0032   0.0003   0.0000   0.0000   0.0000   0.0000   0.0000
    8.5500  -0.0623  -1.9044   2.4806   1.1803   0.2399   0.0312   0.0034   0.0003   0.0000   0.0000   0.0000   0.0000   0.0000
    8.6000  -0.0710  -1.9099   2.4832   1.1878   0.2488   0.0328   0.0036   0.0003   0.0000   0.0000   0.0000   0.0000   0.0000
    8.6500  -0.0796  -1.9154   2.4857   1.1949   0.2580   0.0345   0.0038   0.0003   0.0000   0.0000   0.0000   0.0000   0.0000
    8.7000  -0.0882  -1.9209   2.4882   1.2015   0.2673   0.0362   0.0041   0.0004   0.0000   0.0000   0.0000   0.0000   0.0000
    8.7500  -0.0968  -1.9263   2.4907   1.2078   0.2769   0.0380   0.0043   0.0004   0.0000   0.0000   0.0000   0.0000   0.0000
    8.8000  -0.1053  -1.9317   2.4931   1.2136   0.2866   0.0399   0.0046   0.0004   0.0000   0.0000   0.0000   0.0000   0.0000
    8.8500  -0.1138  -1.9371   2.4954   1.2192   0.2964   0.0418   0.0049   0.0005   0.0000   0.0000   0.0000   0.0000   0.0000
    8.9000  -0.1222  -1.9425   2.4977   1.2244   0.3065   0.0438   0.0052   0.0005   0.0000   0.0000   0.0000   0.0000   0.0000
    8.9500  -0.1306  -1.9478   2.4999   1.2292   0.3166   0.0459   0.0055   0.0005   0.0000   0.0000   0.0000   0.0000   0.0000
    9.0000  -0.1390  -1.9531   2.5020   1.2338   0.3269   0.0481   0.0058   0.0006   0.0000   0.0000   0.0000   0.0000   0.0000
    9.0500  -0.1474  -1.9584   2.5040   1.2380   0.3374   0.0503   0.0062   0.0006   0.0000   0.0000   0.0000   0.0000   0.0000
    9.1000  -0.1558  -1.9638   2.5059   1.2420   0.3480   0.0527   0.0065   0.0007   0.0001   0.0000   0.0000   0.0000   0.0000
    9.1500  -0.1641  -1.9691   2.5077   1.2457   0.3586   0.0551   0.0069   0.0007   0.0001   0.0000   0.0000   0.0000   0.0000
    9.2000  -0.1724  -1.9744   2.5094   1.2492   0.3694   0.0576   0.0073   0.0007   0.0001   0.0000   0.0000   0.0000   0.0000
    9.2500  -0.1808  -1.9797   2.5110   1.2524   0.3803   0.0602   0.0077   0.0008   0.0001   0.0000   0.0000   0.0000   0.0000
    9.3000  -0.1891  -1.9850   2.5125   1.2554   0.3912   0.0629   0.0082   0.0009   0.0001   0.0000   0.0000   0.0000   0.0000
    9.3500  -0.1974  -1.9903   2.5138   1.2582   0.4022   0.0657   0.0086   0.0009   0.0001   0.0000   0.0000   0.0000   0.0000
    9.4000  -0.2056  -1.9956   2.5151   1.2609   0.4133   0.0686   0.0091   0.0010   0.0001   0.0000   0.0000   0.0000   0.0000
    9.4500  -0.2139  -2.0009   2.5162   1.2633   0.4244   0.0716   0.0096   0.0010   0.0001   0.0000   0.0000   0.0000   0.0000
    9.5000  -0.2222  -2.0063   2.5172   1.2655   0.4355   0.0746   0.0102   0.0011   0.0001   0.0000   0.0000   0.0000   0.0000
    9.5500  -0.2305  -2.0117   2.5180   1.2676   0.4466   0.0778   0.0107   0.0012   0.0001   0.0000   0.0000   0.0000   0.0000
    9.6000  -0.2388  -2.0171   2.5188   1.2695   0.4578   0.0811   0.0113   0.0013   0.0001   0.0000   0.0000   0.0000   0.0000
    9.6500  -0.2470  -2.0225   2.5194   1.2713   0.4689   0.0845   0.0119   0.0013   0.0001   0.0000   0.0000   0.0000   0.0000
    9.7000  -0.2553  -2.0279   2.5198   1.2730   0.4800   0.0880   0.0125   0.0014   0.0001   0.0000   0.0000   0.0000   0.0000
    9.7500  -0.2636  -2.0334   2.5201   1.2746   0.4910   0.0916   0.0132   0.0015   0.0001   0.0000   0.0000   0.0000   0.0000
    9.8000  -0.2719  -2.0389   2.5203   1.2760   0.5020   0.0953   0.0139   0.0016   0.0002   0.0000   0.0000   0.0000   0.0000
    9.8500  -0.2802  -2.0444   2.5204   1.2774   0.5129   0.0991   0.0146   0.0017   0.0002   0.0000   0.0000   0.0000   0.0000
    9.9000  -0.2886  -2.0500   2.5203   1.2786   0.5237   0.1030   0.0153   0.0018   0.0002   0.0000   0.0000   0.0000   0.0000
    9.9500  -0.2969  -2.0556   2.5201   1.2798   0.5344   0.1070   0.0161   0.0020   0.0002   0.0000   0.0000   0.0000   0.0000
   10.0000  -0.3052  -2.0612   2.5197   1.2809   0.5450   0.1111   0.0169   0.0021   0.0002   0.0000   0.0000   0.0000   0.0000
   10.0500  -0.3136  -2.0669   2.5193   1.2819   0.5555   0.1154   0.0178   0.0022   0.0002   0.0000   0.0000   0.0000   0.0000
   10.1000  -0.3220  -2.0726   2.5186   1.2829   0.5659   0.1197   0.0187   0.0023   0.0002   0.0000   0.0000   0.0000   0.0000
   10.1500  -0.3303  -2.0784   2.5179   1.2839   0.5761   0.1242   0.0196   0.0025   0.0002   0.0000   0.0000   0.0000   0.0000
   10.2000  -0.3387  -2.0842   2.5170   1.2848   0.5862   0.1288   0.0205   0.0026   0.0003   0.0000   0.0000   0.0000   0.0000
   10.2500  -0.3472  -2.0900   2.5160   1.2856   0.5961   0.1335   0.0215   0.0028   0.0003   0.0000   0.0000   0.0000   0.0000
   10.3000  -0.3556  -2.0959   2.5149   1.2865   0.6058   0.1383   0.0226   0.0029   0.0003   0.0000   0.0000   0.0000   0.0000
   10.3500  -0.3641  -2.1018   2.5137   1.2873   0.6154   0.1432   0.0236   0.0031   0.0003   0.0000   0.0000   0.0000   0.0000
   10.4000  -0.3725  -2.1077   2.5123   1.2881   0.6248   0.1483   0.0247   0.0033   0.0004   0.0000   0.0000   0.0000   0.0000
   10.4500  -0.3810  -2.1138   2.5108   1.2889   0.6339   0.1534   0.0259   0.0035   0.0004   0.0000   0.0000   0.0000   0.0000
   10.5000  -0.3895  -2.1198   2.5092   1.2898   0.6429   0.1587   0.0271   0.0037   0.0004   0.0000   0.0000   0.0000   0.0000
   10.5500  -0.3981  -2.1259   2.5075   1.2906   0.6517   0.1641   0.0283   0.0039   0.0004   0.0000   0.0000   0.0000   0.0000
   10.6000  -0.4066  -2.1320   2.5057   1.2914   0.6603   0.1695   0.0296   0.0041   0.0005   0.0000   0.0000   0.0000   0.0000
   10.6500  -0.4152  -2.1382   2.5038   1.2923   0.6686   0.1751   0.0310   0.0044   0.0005   0.0000   0.0000   0.0000   0.0000
   10.7000  -0.4238  -2.1444   2.5018   1.2931   0.6768   0.1808   0.0323   0.0046   0.0005   0.0000   0.0000   0.0000   0.0000
   10.7500  -0.4325  -2.1508   2.4996   1.2940   0.6846   0.1865   0.0338   0.0048   0.0006   0.0001   0.0000   0.0000   0.0000
   10.8000  -0.4411  -2.1571   2.4974   1.2949   0.6923   0.1924   0.0352   0.0051   0.0006   0.0001   0.0000   0.0000   0.0000
   10.8500  -0.4498  -2.1634   2.4951   1.2959   0.6998   0.1984   0.0368   0.0054   0.0006   0.0001   0.0000   0.0000   0.0000
   10.9000  -0.4584  -2.1698   2.4927   1.2969   0.7070   0.2045   0.0384   0.0057   0.0007   0.0001   0.0000   0.0000   0.0000
   10.9500  -0.4671  -2.1762   2.4903   1.2980   0.7141   0.2107   0.0400   0.0060   0.0007   0.0001   0.0000   0.0000   0.0000
   11.0000  -0.4758  -2.1827   2.4877   1.2991   0.7209   0.2169   0.0417   0.0063   0.0008   0.0001   0.0000   0.0000   0.0000
   11.0500  -0.4846  -2.1892   2.4851   1.3002   0.7275   0.2233   0.0434   0.0066   0.0008   0.0001   0.0000   0.0000   0.0000
   11.1000  -0.4933  -2.1958   2.4824   1.3015   0.7338   0.2297   0.0453   0.0070   0.0009   0.0001   0.0000   0.0000   0.0000
   11.1500  -0.5021  -2.2023   2.4796   1.3027   0.7400   0.2363   0.0471   0.0074   0.0009   0.0001   0.0000   0.0000   0.0000
   11.2000  -0.5109  -2.2090   2.4768   1.3041   0.7459   0.2429   0.0491   0.0077   0.0010   0.0001   0.0000   0.0000   0.0000
   11.2500  -0.5197  -2.2156   2.4739   1.3055   0.7516   0.2495   0.0510   0.0081   0.0010   0.0001   0.0000   0.0000   0.0000
   11.3000  -0.5285  -2.2223   2.4709   1.3069   0.7571   0.2563   0.0531   0.0085   0.0011   0.0001   0.0000   0.0000   0.0000
   11.3500  -0.5373  -2.2291   2.4679   1.3085   0.7624   0.2631   0.0552   0.0090   0.0012   0.0001   0.0000   0.0000   0.0000
   11.4000  -0.5462  -2.2358   2.4648   1.3101   0.7675   0.2699   0.0574   0.0094   0.0012   0.0001   0.0000   0.0000   0.0000
   11.4500  -0.5550  -2.2426   2.4617   1.3117   0.7724   0.2768   0.0596   0.0099   0.0013   0.0001   0.0000   0.0000   0.0000
   11.5000  -0.5639  -2.2494   2.4586   1.3135   0.7771   0.2838   0.0619   0.0104   0.0014   0.0001   0.0000   0.0000   0.0000
   11.5500  -0.5728  -2.2563   2.4554   1.3153   0.7816   0.2908   0.0643   0.0109   0.0015   0.0002   0.0000   0.0000   0.0000
   11.6000  -0.5817  -2.2631   2.4522   1.3172   0.7859   0.2978   0.0667   0.0114   0.0016   0.0002   0.0000   0.0000   0.0000
   11.6500  -0.5906  -2.2700   2.4489   1.3192   0.7900   0.3049   0.0692   0.0120   0.0016   0.0002   0.0000   0.0000   0.0000
   11.7000  -0.5995  -2.2770   2.4456   1.3212   0.7940   0.3120   0.0718   0.0125   0.0017   0.0002   0.0000   0.0000   0.0000
   11.7500  -0.6085  -2.2839   2.4423   1.3234   0.7977   0.3191   0.0745   0.0131   0.0018   0.0002   0.0000   0.0000   0.0000
   11.8000  -0.6174  -2.2909   2.4390   1.3256   0.8013   0.3262   0.0772   0.0137   0.0020   0.0002   0.0000   0.0000   0.0000
   11.8500  -0.6264  -2.2978   2.4357   1.3278   0.8048   0.3333   0.0800   0.0144   0.0021   0.0002   0.0000   0.0000   0.0000
   11.9000  -0.6353  -2.3048   2.4323   1.3302   0.8080   0.3404   0.0828   0.0151   0.0022   0.0003   0.0000   0.0000   0.0000
   11.9500  -0.6443  -2.3118   2.4289   1.3326   0.8111   0.3475   0.0858   0.0157   0.0023   0.0003   0.0000   0.0000   0.0000
   12.0000  -0.6532  -2.3189   2.4256   1.3351   0.8141   0.3546   0.0888   0.0165   0.0024   0.0003   0.0000   0.0000   0.0000
   12.0500  -0.6622  -2.3259   2.4222   1.3376   0.8169   0.3617   0.0918   0.0172   0.0026   0.0003   0.0000   0.0000   0.0000
   12.1000  -0.6711  -2.3330   2.4188   1.3403   0.8196   0.3688   0.0950   0.0180   0.0027   0.0003   0.0000   0.0000   0.0000
   12.1500  -0.6801  -2.3400   2.4155   1.3429   0.8222   0.3758   0.0982   0.0188   0.0029   0.0003   0.0000   0.0000   0.0000
   12.2000  -0.6891  -2.3471   2.4121   1.3457   0.8246   0.3828   0.1015   0.0196   0.0030   0.0004   0.0000   0.0000   0.0000
   12.2500  -0.6980  -2.3541   2.4088   1.3485   0.8269   0.3897   0.1049   0.0205   0.0032   0.0004   0.0000   0.0000   0.0000
   12.3000  -0.7070  -2.3612   2.4054   1.3513   0.8291   0.3966   0.1083   0.0214   0.0033   0.0004   0.0000   0.0000   0.0000
   12.3500  -0.7159  -2.3683   2.4021   1.3543   0.8311   0.4035   0.1118   0.0223   0.0035   0.0004   0.0000   0.0000   0.0000
   12.4000  -0.7248  -2.3753   2.3988   1.3572   0.8331   0.4102   0.1154   0.0232   0.0037   0.0005   0.0000   0.0000   0.0000
   12.4500  -0.7338  -2.3824   2.3955   1.3602   0.8350   0.4170   0.1191   0.0242   0.0039   0.0005   0.0001   0.0000   0.0000
   12.5000  -0.7427  -2.3894   2.3923   1.3633   0.8367   0.4236   0.1228   0.0252   0.0041   0.0005   0.0001   0.0000   0.0000
   12.5500  -0.7516  -2.3965   2.3891   1.3664   0.8384   0.4302   0.1266   0.0263   0.0043   0.0006   0.0001   0.0000   0.0000
   12.6000  -0.7605  -2.4035   2.3859   1.3695   0.8400   0.4367   0.1305   0.0274   0.0045   0.0006   0.0001   0.0000   0.0000
   12.6500  -0.7694  -2.4106   2.3827   1.3726   0.8415   0.4431   0.1344   0.0285   0.0048   0.0006   0.0001   0.0000   0.0000
   12.7000  -0.7783  -2.4176   2.3796   1.3758   0.8429   0.4494   0.1384   0.0297   0.0050   0.0007   0.0001   0.0000   0.0000
   12.7500  -0.7871  -2.4246   2.3765   1.3790   0.8443   0.4556   0.1425   0.0309   0.0053   0.0007   0.0001   0.0000   0.0000
   12.8000  -0.7960  -2.4316   2.3734   1.3822   0.8456   0.4617   0.1466   0.0321   0.0055   0.0008   0.0001   0.0000   0.0000
   12.8500  -0.8048  -2.4385   2.3704   1.3854   0.8468   0.4677   0.1508   0.0334   0.0058   0.0008   0.0001   0.0000   0.0000
   12.9000  -0.8136  -2.4455   2.3675   1.3886   0.8480   0.4737   0.1551   0.0347   0.0061   0.0009   0.0001   0.0000   0.0000
   12.9500  -0.8224  -2.4524   2.3646   1.3919   0.8492   0.4795   0.1594   0.0361   0.0064   0.0009   0.0001   0.0000   0.0000
   13.0000  -0.8311  -2.4593   2.3617   1.3951   0.8503   0.4852   0.1638   0.0374   0.0067   0.0010   0.0001   0.0000   0.0000
   13.0500  -0.8399  -2.4662   2.3589   1.3983   0.8513   0.4907   0.1683   0.0389   0.0070   0.0010   0.0001   0.0000   0.0000
   13.1000  -0.8486  -2.4731   2.3561   1.4015   0.8523   0.4962   0.1728   0.0404   0.0073   0.0011   0.0001   0.0000   0.0000
   13.1500  -0.8573  -2.4799   2.3534   1.4047   0.8533   0.5016   0.1774   0.0419   0.0077   0.0011   0.0001   0.0000   0.0000
   13.2000  -0.8659  -2.4867   2.3508   1.4079   0.8543   0.5068   0.1820   0.0435   0.0080   0.0012   0.0001   0.0000   0.0000
   13.2500  -0.8745  -2.4935   2.3482   1.4110   0.8552   0.5119   0.1867   0.0451   0.0084   0.0013   0.0002   0.0000   0.0000
   13.3000  -0.8831  -2.5002   2.3456   1.4141   0.8561   0.5169   0.1914   0.0467   0.0088   0.0013   0.0002   0.0000   0.0000
   13.3500  -0.8917  -2.5069   2.3432   1.4172   0.8570   0.5217   0.1962   0.0484   0.0092   0.0014   0.0002   0.0000   0.0000
   13.4000  -0.9002  -2.5136   2.3408   1.4202   0.8579   0.5265   0.2010   0.0502   0.0096   0.0015   0.0002   0.0000   0.0000
   13.4500  -0.9087  -2.5202   2.3384   1.4232   0.8588   0.5311   0.2058   0.0520   0.0101   0.0016   0.0002   0.0000   0.0000
   13.5000  -0.9172  -2.5268   2.3361   1.4261   0.8597   0.5356   0.2107   0.0538   0.0105   0.0016   0.0002   0.0000   0.0000
   13.5500  -0.9256  -2.5333   2.3339   1.4290   0.8606   0.5399   0.2156   0.0557   0.0110   0.0017   0.0002   0.0000   0.0000
   13.6000  -0.9340  -2.5398   2.3317   1.4318   0.8615   0.5441   0.2206   0.0577   0.0115   0.0018   0.0002   0.0000   0.0000
   13.6500  -0.9424  -2.5463   2.3296   1.4346   0.8624   0.5483   0.2256   0.0597   0.0120   0.0019   0.0003   0.0000   0.0000
   13.7000  -0.9507  -2.5527   2.3275   1.4373   0.8633   0.5522   0.2306   0.0617   0.0125   0.0020   0.0003   0.0000   0.0000
   13.7500  -0.9590  -2.5591   2.3256   1.4400   0.8642   0.5561   0.2356   0.0638   0.0131   0.0021   0.0003   0.0000   0.0000
   13.8000  -0.9672  -2.5654   2.3236   1.4425   0.8651   0.5598   0.2407   0.0659   0.0136   0.0022   0.0003   0.0000   0.0000
   13.8500  -0.9754  -2.5717   2.3218   1.4450   0.8661   0.5634   0.2457   0.0681   0.0142   0.0024   0.0003   0.0000   0.0000
   13.9000  -0.9835  -2.5779   2.3200   1.4474   0.8671   0.5669   0.2508   0.0704   0.0148   0.0025   0.0003   0.0000   0.0000
   13.9500  -0.9916  -2.5841   2.3183   1.4498   0.8681   0.5703   0.2559   0.0726   0.0154   0.0026   0.0004   0.0000   0.0000
   14.0000  -0.9997  -2.5902   2.3166   1.4521   0.8691   0.5735   0.2610   0.0750   0.0161   0.0027   0.0004   0.0000   0.0000
   14.0500  -1.0077  -2.5963   2.3150   1.4542   0.8702   0.5767   0.2661   0.0774   0.0167   0.0029   0.0004   0.0000   0.0000
   14.1000  -1.0157  -2.6023   2.3134   1.4563   0.8713   0.5797   0.2712   0.0798   0.0174   0.0030   0.0004   0.0000   0.0000
   14.1500  -1.0236  -2.6083   2.3119   1.4583   0.8725   0.5826   0.2763   0.0823   0.0182   0.0032   0.0005   0.0001   0.0000
   14.2000  -1.0314  -2.6142   2.3105   1.4603   0.8737   0.5854   0.2814   0.0849   0.0189   0.0033   0.0005   0.0001   0.0000
   14.2500  -1.0393  -2.6200   2.3091   1.4621   0.8749   0.5881   0.2865   0.0875   0.0197   0.0035   0.0005   0.0001   0.0000
   14.3000  -1.0470  -2.6258   2.3078   1.4639   0.8762   0.5907   0.2915   0.0901   0.0204   0.0037   0.0005   0.0001   0.0000
   14.3500  -1.0547  -2.6316   2.3065   1.4655   0.8775   0.5931   0.2966   0.0929   0.0213   0.0039   0.0006   0.0001   0.0000
   14.4000  -1.0624  -2.6373   2.3053   1.4671   0.8788   0.5955   0.3016   0.0956   0.0221   0.0040   0.0006   0.0001   0.0000
   14.4500  -1.0700  -2.6429   2.3042   1.4686   0.8802   0.5978   0.3066   0.0984   0.0230   0.0042   0.0006   0.0001   0.0000
   14.5000  -1.0776  -2.6484   2.3031   1.4700   0.8817   0.6000   0.3115   0.1013   0.0239   0.0044   0.0007   0.0001   0.0000
   14.5500  -1.0851  -2.6540   2.3020   1.4713   0.8832   0.6021   0.3165   0.1042   0.0248   0.0047   0.0007   0.0001   0.0000
   14.6000  -1.0925  -2.6594   2.3010   1.4725   0.8848   0.6041   0.3214   0.1071   0.0257   0.0049   0.0007   0.0001   0.0000
   14.6500  -1.0999  -2.6648   2.3000   1.4736   0.8864   0.6060   0.3262   0.1101   0.0267   0.0051   0.0008   0.0001   0.0000
   14.7000  -1.1073  -2.6701   2.2990   1.4747   0.8880   0.6078   0.3310   0.1132   0.0277   0.0053   0.0008   0.0001   0.0000
   14.7500  -1.1146  -2.6754   2.2981   1.4756   0.8897   0.6095   0.3358   0.1163   0.0287   0.0056   0.0009   0.0001   0.0000
   14.8000  -1.1218  -2.6806   2.2973   1.4765   0.8915   0.6112   0.3405   0.1195   0.0298   0.0058   0.0009   0.0001   0.0000
   14.8500  -1.1290  -2.6858   2.2964   1.4773   0.8933   0.6128   0.3452   0.1227   0.0309   0.0061   0.0010   0.0001   0.0000
   14.9000  -1.1361  -2.6909   2.2956   1.4780   0.8952   0.6143   0.3498   0.1259   0.0320   0.0064   0.0010   0.0001   0.0000
   14.9500  -1.1431  -2.6959   2.2948   1.4786   0.8971   0.6158   0.3544   0.1292   0.0332   0.0067   0.0011   0.0001   0.0000
   15.0000  -1.1502  -2.7009   2.2941   1.4792   0.8991   0.6171   0.3588   0.1325   0.0344   0.0070   0.0011   0.0002   0.0000
   15.0500  -1.1571  -2.7058   2.2933   1.4796   0.9011   0.6184   0.3633   0.1359   0.0356   0.0073   0.0012   0.0002   0.0000
   15.1000  -1.1640  -2.7107   2.2926   1.4800   0.9031   0.6197   0.3677   0.1393   0.0368   0.0076   0.0013   0.0002   0.0000
   15.1500  -1.1708  -2.7155   2.2919   1.4803   0.9052   0.6209   0.3720   0.1428   0.0381   0.0079   0.0013   0.0002   0.0000
   15.2000  -1.1776  -2.7202   2.2913   1.4806   0.9074   0.6221   0.3762   0.1463   0.0395   0.0083   0.0014   0.0002   0.0000
   15.2500  -1.1844  -2.7249   2.2906   1.4807   0.9096   0.6231   0.3803   0.1498   0.0408   0.0086   0.0015   0.0002   0.0000
   15.3000  -1.1910  -2.7295   2.2899   1.4808   0.9119   0.6242   0.3844   0.1534   0.0422   0.0090   0.0015   0.0002   0.0000
   15.3500  -1.1976  -2.7341   2.2893   1.4809   0.9142   0.6252   0.3885   0.1570   0.0436   0.0094   0.0016   0.0002   0.0000
   15.4000  -1.2042  -2.7386   2.2886   1.4808   0.9165   0.6262   0.3924   0.1606   0.0451   0.0098   0.0017   0.0002   0.0000
   15.4500  -1.2107  -2.7431   2.2880   1.4807   0.9189   0.6271   0.3963   0.1643   0.0466   0.0102   0.0018   0.0003   0.0000
   15.5000  -1.2172  -2.7475   2.2873   1.4806   0.9213   0.6280   0.4000   0.1680   0.0481   0.0106   0.0019   0.0003   0.0000
   15.5500  -1.2236  -2.7519   2.2867   1.4804   0.9237   0.6288   0.4037   0.1717   0.0497   0.0111   0.0020   0.0003   0.0000
   15.6000  -1.2299  -2.7562   2.2860   1.4801   0.9262   0.6297   0.4074   0.1754   0.0513   0.0115   0.0021   0.0003   0.0000
   15.6500  -1.2362  -2.7605   2.2853   1.4798   0.9287   0.6305   0.4109   0.1792   0.0530   0.0120   0.0022   0.0003   0.0000
   15.7000  -1.2424  -2.7647   2.2846   1.4795   0.9313   0.6312   0.4144   0.1830   0.0547   0.0125   0.0023   0.0003   0.0000
   15.7500  -1.2486  -2.7689   2.2839   1.4791   0.9339   0.6320   0.4177   0.1868   0.0564   0.0130   0.0024   0.0004   0.0000
   15.8000  -1.2548  -2.7731   2.2832   1.4786   0.9364   0.6327   0.4210   0.1907   0.0581   0.0135   0.0025   0.0004   0.0000
   15.8500  -1.2609  -2.7772   2.2825   1.4782   0.9391   0.6335   0.4242   0.1945   0.0599   0.0140   0.0026   0.0004   0.0001
   15.9000  -1.2669  -2.7812   2.2817   1.4777   0.9417   0.6342   0.4274   0.1984   0.0618   0.0146   0.0028   0.0004   0.0001
   15.9500  -1.2729  -2.7852   2.2809   1.4771   0.9443   0.6349   0.4304   0.2022   0.0637   0.0152   0.0029   0.0005   0.0001
   16.0000  -1.2789  -2.7892   2.2801   1.4765   0.9470   0.6356   0.4334   0.2061   0.0656   0.0158   0.0030   0.0005   0.0001
   16.0500  -1.2848  -2.7932   2.2793   1.4759   0.9496   0.6363   0.4362   0.2100   0.0675   0.0164   0.0032   0.0005   0.0001
   16.1000  -1.2906  -2.7971   2.2784   1.4753   0.9523   0.6370   0.4390   0.2139   0.0695   0.0170   0.0033   0.0005   0.0001
   16.1500  -1.2964  -2.8009   2.2775   1.4746   0.9550   0.6377   0.4417   0.2178   0.0716   0.0176   0.0035   0.0006   0.0001
   16.2000  -1.3022  -2.8048   2.2765   1.4740   0.9576   0.6384   0.4444   0.2217   0.0736   0.0183   0.0036   0.0006   0.0001
   16.2500  -1.3079  -2.8086   2.2756   1.4733   0.9603   0.6391   0.4469   0.2256   0.0757   0.0190   0.0038   0.0006   0.0001
   16.3000  -1.3136  -2.8124   2.2746   1.4726   0.9630   0.6398   0.4494   0.2295   0.0779   0.0197   0.0040   0.0007   0.0001
   16.3500  -1.3193  -2.8161   2.2735   1.4719   0.9656   0.6405   0.4517   0.2334   0.0801   0.0204   0.0042   0.0007   0.0001
   16.4000  -1.3249  -2.8199   2.2724   1.4711   0.9682   0.6413   0.4540   0.2373   0.0823   0.0212   0.0043   0.0007   0.0001
   16.4500  -1.3305  -2.8236   2.2713   1.4704   0.9709   0.6420   0.4563   0.2411   0.0846   0.0220   0.0045   0.0008   0.0001
   16.5000  -1.3360  -2.8273   2.2701   1.4697   0.9734   0.6428   0.4584   0.2450   0.0869   0.0227   0.0047   0.0008   0.0001
   16.5500  -1.3415  -2.8310   2.2689   1.4690   0.9760   0.6436   0.4605   0.2488   0.0892   0.0236   0.0049   0.0008   0.0001
   16.6000  -1.3470  -2.8346   2.2677   1.4682   0.9786   0.6444   0.4625   0.2526   0.0916   0.0244   0.0052   0.0009   0.0001
   16.6500  -1.3524  -2.8383   2.2664   1.4675   0.9811   0.6453   0.4644   0.2564   0.0940   0.0253   0.0054   0.0009   0.0001
   16.7000  -1.3579  -2.8419   2.2651   1.4668   0.9836   0.6461   0.4662   0.2602   0.0964   0.0262   0.0056   0.0010   0.0001
   16.7500  -1.3633  -2.8455   2.2637   1.4661   0.9860   0.6470   0.4680   0.2639   0.0989   0.0271   0.0059   0.0010   0.0002
   16.8000  -1.3686  -2.8491   2.2623   1.4654   0.9884   0.6479   0.4697   0.2676   0.1015   0.0280   0.0061   0.0011   0.0002
   16.8500  -1.3740  -2.8527   2.2608   1.4647   0.9908   0.6489   0.4714   0.2713   0.1040   0.0290   0.0064   0.0011   0.0002
   16.9000  -1.3793  -2.8563   2.2593   1.4641   0.9932   0.6499   0.4729   0.2750   0.1066   0.0300   0.0066   0.0012   0.0002
   16.9500  -1.3846  -2.8599   2.2577   1.4634   0.9954   0.6509   0.4744   0.2786   0.1092   0.0310   0.0069   0.0013   0.0002
   17.0000  -1.3898  -2.8635   2.2561   1.4628   0.9977   0.6519   0.4759   0.2822   0.1119   0.0320   0.0072   0.0013   0.0002
   17.0500  -1.3951  -2.8671   2.2545   1.4622   0.9999   0.6530   0.4773   0.2858   0.1146   0.0331   0.0075   0.0014   0.0002
   17.1000  -1.4003  -2.8707   2.2528   1.4616   1.0020   0.6541   0.4786   0.2893   0.1173   0.0342   0.0078   0.0015   0.0002
   17.1500  -1.4056  -2.8743   2.2511   1.4610   1.0041   0.6553   0.4799   0.2927   0.1200   0.0353   0.0081   0.0015   0.0002
   17.2000  -1.4108  -2.8779   2.2493   1.4605   1.0062   0.6565   0.4811   0.2962   0.1228   0.0364   0.0085   0.0016   0.0002
   17.2500  -1.4159  -2.8815   2.2475   1.4600   1.0082   0.6577   0.4823   0.2995   0.1256   0.0376   0.0088   0.0017   0.0003
   17.3000  -1.4211  -2.8851   2.2457   1.4596   1.0101   0.6590   0.4834   0.3029   0.1284   0.0388   0.0092   0.0018   0.0003
   17.3500  -1.4263  -2.8887   2.2438   1.4591   1.0120   0.6603   0.4845   0.3062   0.1313   0.0400   0.0095   0.0018   0.0003
   17.4000  -1.4315  -2.8924   2.2419   1.4587   1.0138   0.6616   0.4855   0.3094   0.1342   0.0413   0.0099   0.0019   0.0003
   17.4500  -1.4366  -2.8960   2.2399   1.4583   1.0156   0.6630   0.4864   0.3126   0.1371   0.0426   0.0103   0.0020   0.0003
   17.5000  -1.4418  -2.8996   2.2379   1.4580   1.0173   0.6645   0.4874   0.3157   0.1400   0.0439   0.0107   0.0021   0.0003
   17.5500  -1.4469  -2.9033   2.2359   1.4577   1.0189   0.6659   0.4883   0.3188   0.1430   0.0453   0.0111   0.0022   0.0004
   17.6000  -1.4520  -2.9070   2.2338   1.4574   1.0205   0.6674   0.4891   0.3218   0.1460   0.0466   0.0115   0.0023   0.0004
   17.6500  -1.4572  -2.9107   2.2317   1.4572   1.0220   0.6690   0.4899   0.3248   0.1490   0.0480   0.0120   0.0024   0.0004
   17.7000  -1.4623  -2.9144   2.2295   1.4570   1.0234   0.6706   0.4907   0.3277   0.1520   0.0495   0.0124   0.0025   0.0004
   17.7500  -1.4675  -2.9181   2.2274   1.4569   1.0248   0.6722   0.4915   0.3306   0.1550   0.0509   0.0129   0.0026   0.0004
