    711    12   257     datakind beginning-row linenumbers
 ----------------------------------------------------------------
                     David A. Shirley's group
               Pennsylvania State University (PSU)
           Lawrence Berkeley National Laboratory (LBNL)
      Copyright (c) 1995-1996 DAS group. All rights reserved
 ----------------------------------------------------------------

         1              1 phase shift data

         k   p(l=0)   p(l=1)   p(l=2)   p(l=3)   p(l=4)   p(l=5)   p(l=6)   p(l=7)  p(l=08)  p(l=09)  p(l=10)  p(l=11)  p(l=12)
        13              lnum
    5.0000  -2.8116   1.7161   0.3304   0.0291   0.0021   0.0001   0.0000   0.0000   0.0000   0.0000   0.0000   0.0000   0.0000
    5.0500  -2.8249   1.7102   0.3421   0.0308   0.0023   0.0001   0.0000   0.0000   0.0000   0.0000   0.0000   0.0000   0.0000
    5.1000  -2.8381   1.7045   0.3539   0.0327   0.0025   0.0001   0.0000   0.0000   0.0000   0.0000   0.0000   0.0000   0.0000
    5.1500  -2.8512   1.6987   0.3657   0.0346   0.0027   0.0002   0.0000   0.0000   0.0000   0.0000   0.0000   0.0000   0.0000
    5.2000  -2.8642   1.6931   0.3776   0.0366   0.0029   0.0002   0.0000   0.0000   0.0000   0.0000   0.0000   0.0000   0.0000
    5.2500  -2.8770   1.6876   0.3895   0.0386   0.0031   0.0002   0.0000   0.0000   0.0000   0.0000   0.0000   0.0000   0.0000
    5.3000  -2.8897   1.6821   0.4014   0.0408   0.0033   0.0002   0.0000   0.0000   0.0000   0.0000   0.0000   0.0000   0.0000
    5.3500  -2.9023   1.6768   0.4133   0.0430   0.0036   0.0002   0.0000   0.0000   0.0000   0.0000   0.0000   0.0000   0.0000
    5.4000  -2.9148   1.6715   0.4252   0.0453   0.0039   0.0002   0.0000   0.0000   0.0000   0.0000   0.0000   0.0000   0.0000
    5.4500  -2.9272   1.6664   0.4369   0.0478   0.0041   0.0003   0.0000   0.0000   0.0000   0.0000   0.0000   0.0000   0.0000
    5.5000  -2.9395   1.6613   0.4487   0.0503   0.0044   0.0003   0.0000   0.0000   0.0000   0.0000   0.0000   0.0000   0.0000
    5.5500  -2.9516   1.6563   0.4603   0.0529   0.0048   0.0003   0.0000   0.0000   0.0000   0.0000   0.0000   0.0000   0.0000
    5.6000  -2.9636   1.6515   0.4718   0.0556   0.0051   0.0004   0.0000   0.0000   0.0000   0.0000   0.0000   0.0000   0.0000
    5.6500  -2.9756   1.6467   0.4832   0.0584   0.0054   0.0004   0.0000   0.0000   0.0000   0.0000   0.0000   0.0000   0.0000
    5.7000  -2.9874   1.6421   0.4944   0.0613   0.0058   0.0004   0.0000   0.0000   0.0000   0.0000   0.0000   0.0000   0.0000
    5.7500  -2.9990   1.6375   0.5055   0.0643   0.0062   0.0005   0.0000   0.0000   0.0000   0.0000   0.0000   0.0000   0.0000
    5.8000  -3.0106   1.6331   0.5164   0.0674   0.0066   0.0005   0.0000   0.0000   0.0000   0.0000   0.0000   0.0000   0.0000
    5.8500  -3.0221   1.6288   0.5271   0.0706   0.0071   0.0005   0.0000   0.0000   0.0000   0.0000   0.0000   0.0000   0.0000
    5.9000  -3.0334   1.6245   0.5376   0.0739   0.0075   0.0006   0.0000   0.0000   0.0000   0.0000   0.0000   0.0000   0.0000
    5.9500  -3.0446   1.6204   0.5479   0.0773   0.0080   0.0006   0.0000   0.0000   0.0000   0.0000   0.0000   0.0000   0.0000
    6.0000  -3.0558   1.6164   0.5580   0.0808   0.0086   0.0007   0.0000   0.0000   0.0000   0.0000   0.0000   0.0000   0.0000
    6.0500  -3.0668   1.6125   0.5677   0.0843   0.0091   0.0007   0.0000   0.0000   0.0000   0.0000   0.0000   0.0000   0.0000
    6.1000  -3.0776   1.6087   0.5773   0.0880   0.0097   0.0008   0.0000   0.0000   0.0000   0.0000   0.0000   0.0000   0.0000
    6.1500  -3.0884   1.6051   0.5866   0.0919   0.0103   0.0009   0.0001   0.0000   0.0000   0.0000   0.0000   0.0000   0.0000
    6.2000  -3.0991   1.6015   0.5957   0.0958   0.0109   0.0009   0.0001   0.0000   0.0000   0.0000   0.0000   0.0000   0.0000
    6.2500  -3.1096   1.5980   0.6045   0.0998   0.0115   0.0010   0.0001   0.0000   0.0000   0.0000   0.0000   0.0000   0.0000
    6.3000  -3.1200   1.5947   0.6130   0.1039   0.0122   0.0011   0.0001   0.0000   0.0000   0.0000   0.0000   0.0000   0.0000
    6.3500  -3.1304   1.5915   0.6213   0.1081   0.0129   0.0012   0.0001   0.0000   0.0000   0.0000   0.0000   0.0000   0.0000
    6.4000  -3.1406   1.5883   0.6293   0.1124   0.0137   0.0013   0.0001   0.0000   0.0000   0.0000   0.0000   0.0000   0.0000
    6.4500   3.1325   1.5853   0.6370   0.1169   0.0145   0.0013   0.0001   0.0000   0.0000   0.0000   0.0000   0.0000   0.0000
    6.5000   3.1225   1.5824   0.6444   0.1214   0.0153   0.0015   0.0001   0.0000   0.0000   0.0000   0.0000   0.0000   0.0000
    6.5500   3.1127   1.5796   0.6516   0.1260   0.0162   0.0016   0.0001   0.0000   0.0000   0.0000   0.0000   0.0000   0.0000
    6.6000   3.1029   1.5768   0.6585   0.1307   0.0171   0.0017   0.0001   0.0000   0.0000   0.0000   0.0000   0.0000   0.0000
    6.6500   3.0933   1.5742   0.6651   0.1355   0.0180   0.0018   0.0001   0.0000   0.0000   0.0000   0.0000   0.0000   0.0000
    6.7000   3.0837   1.5717   0.6714   0.1404   0.0190   0.0019   0.0001   0.0000   0.0000   0.0000   0.0000   0.0000   0.0000
    6.7500   3.0743   1.5692   0.6775   0.1453   0.0200   0.0021   0.0002   0.0000   0.0000   0.0000   0.0000   0.0000   0.0000
    6.8000   3.0650   1.5669   0.6833   0.1504   0.0210   0.0022   0.0002   0.0000   0.0000   0.0000   0.0000   0.0000   0.0000
    6.8500   3.0558   1.5646   0.6888   0.1555   0.0221   0.0023   0.0002   0.0000   0.0000   0.0000   0.0000   0.0000   0.0000
    6.9000   3.0467   1.5625   0.6941   0.1607   0.0233   0.0025   0.0002   0.0000   0.0000   0.0000   0.0000   0.0000   0.0000
    6.9500   3.0377   1.5604   0.6991   0.1660   0.0244   0.0027   0.0002   0.0000   0.0000   0.0000   0.0000   0.0000   0.0000
    7.0000   3.0288   1.5583   0.7039   0.1713   0.0257   0.0029   0.0002   0.0000   0.0000   0.0000   0.0000   0.0000   0.0000
    7.0500   3.0200   1.5564   0.7084   0.1768   0.0270   0.0030   0.0003   0.0000   0.0000   0.0000   0.0000   0.0000   0.0000
    7.1000   3.0113   1.5545   0.7127   0.1822   0.0283   0.0032   0.0003   0.0000   0.0000   0.0000   0.0000   0.0000   0.0000
    7.1500   3.0027   1.5527   0.7168   0.1878   0.0296   0.0035   0.0003   0.0000   0.0000   0.0000   0.0000   0.0000   0.0000
    7.2000   2.9942   1.5510   0.7206   0.1934   0.0311   0.0037   0.0003   0.0000   0.0000   0.0000   0.0000   0.0000   0.0000
    7.2500   2.9858   1.5493   0.7243   0.1990   0.0325   0.0039   0.0004   0.0000   0.0000   0.0000   0.0000   0.0000   0.0000
    7.3000   2.9776   1.5477   0.7277   0.2047   0.0340   0.0042   0.0004   0.0000   0.0000   0.0000   0.0000   0.0000   0.0000
    7.3500   2.9694   1.5462   0.7309   0.2104   0.0356   0.0044   0.0004   0.0000   0.0000   0.0000   0.0000   0.0000   0.0000
    7.4000   2.9613   1.5447   0.7339   0.2161   0.0372   0.0047   0.0004   0.0000   0.0000   0.0000   0.0000   0.0000   0.0000
    7.4500   2.9533   1.5432   0.7367   0.2219   0.0389   0.0050   0.0005   0.0000   0.0000   0.0000   0.0000   0.0000   0.0000
    7.5000   2.9454   1.5418   0.7394   0.2277   0.0406   0.0053   0.0005   0.0000   0.0000   0.0000   0.0000   0.0000   0.0000
    7.5500   2.9376   1.5404   0.7418   0.2335   0.0424   0.0056   0.0006   0.0000   0.0000   0.0000   0.0000   0.0000   0.0000
    7.6000   2.9298   1.5391   0.7441   0.2393   0.0443   0.0059   0.0006   0.0000   0.0000   0.0000   0.0000   0.0000   0.0000
    7.6500   2.9222   1.5378   0.7462   0.2452   0.0461   0.0063   0.0006   0.0000   0.0000   0.0000   0.0000   0.0000   0.0000
    7.7000   2.9146   1.5365   0.7482   0.2510   0.0481   0.0066   0.0007   0.0001   0.0000   0.0000   0.0000   0.0000   0.0000
    7.7500   2.9072   1.5352   0.7500   0.2568   0.0501   0.0070   0.0007   0.0001   0.0000   0.0000   0.0000   0.0000   0.0000
    7.8000   2.8998   1.5340   0.7517   0.2626   0.0521   0.0074   0.0008   0.0001   0.0000   0.0000   0.0000   0.0000   0.0000
    7.8500   2.8925   1.5327   0.7533   0.2684   0.0543   0.0078   0.0008   0.0001   0.0000   0.0000   0.0000   0.0000   0.0000
    7.9000   2.8853   1.5315   0.7547   0.2742   0.0564   0.0082   0.0009   0.0001   0.0000   0.0000   0.0000   0.0000   0.0000
    7.9500   2.8782   1.5303   0.7560   0.2799   0.0587   0.0087   0.0010   0.0001   0.0000   0.0000   0.0000   0.0000   0.0000
    8.0000   2.8711   1.5291   0.7572   0.2856   0.0609   0.0091   0.0010   0.0001   0.0000   0.0000   0.0000   0.0000   0.0000
    8.0500   2.8641   1.5279   0.7583   0.2913   0.0633   0.0096   0.0011   0.0001   0.0000   0.0000   0.0000   0.0000   0.0000
    8.1000   2.8572   1.5267   0.7592   0.2969   0.0657   0.0101   0.0012   0.0001   0.0000   0.0000   0.0000   0.0000   0.0000
    8.1500   2.8503   1.5255   0.7601   0.3025   0.0681   0.0107   0.0013   0.0001   0.0000   0.0000   0.0000   0.0000   0.0000
    8.2000   2.8436   1.5243   0.7609   0.3080   0.0706   0.0112   0.0013   0.0001   0.0000   0.0000   0.0000   0.0000   0.0000
    8.2500   2.8368   1.5231   0.7616   0.3134   0.0732   0.0118   0.0014   0.0001   0.0000   0.0000   0.0000   0.0000   0.0000
    8.3000   2.8302   1.5218   0.7622   0.3188   0.0758   0.0124   0.0015   0.0001   0.0000   0.0000   0.0000   0.0000   0.0000
    8.3500   2.8236   1.5205   0.7628   0.3242   0.0785   0.0130   0.0016   0.0002   0.0000   0.0000   0.0000   0.0000   0.0000
    8.4000   2.8171   1.5193   0.7632   0.3294   0.0812   0.0137   0.0017   0.0002   0.0000   0.0000   0.0000   0.0000   0.0000
    8.4500   2.8106   1.5180   0.7637   0.3346   0.0840   0.0143   0.0018   0.0002   0.0000   0.0000   0.0000   0.0000   0.0000
    8.5000   2.8042   1.5166   0.7640   0.3397   0.0869   0.0150   0.0019   0.0002   0.0000   0.0000   0.0000   0.0000   0.0000
    8.5500   2.7978   1.5153   0.7643   0.3447   0.0898   0.0158   0.0021   0.0002   0.0000   0.0000   0.0000   0.0000   0.0000
    8.6000   2.7915   1.5139   0.7646   0.3496   0.0927   0.0165   0.0022   0.0002   0.0000   0.0000   0.0000   0.0000   0.0000
    8.6500   2.7853   1.5124   0.7648   0.3545   0.0957   0.0173   0.0023   0.0002   0.0000   0.0000   0.0000   0.0000   0.0000
    8.7000   2.7790   1.5110   0.7650   0.3592   0.0987   0.0181   0.0025   0.0003   0.0000   0.0000   0.0000   0.0000   0.0000
    8.7500   2.7729   1.5095   0.7652   0.3638   0.1018   0.0189   0.0026   0.0003   0.0000   0.0000   0.0000   0.0000   0.0000
    8.8000   2.7667   1.5080   0.7653   0.3684   0.1050   0.0198   0.0028   0.0003   0.0000   0.0000   0.0000   0.0000   0.0000
    8.8500   2.7607   1.5064   0.7654   0.3728   0.1081   0.0207   0.0029   0.0003   0.0000   0.0000   0.0000   0.0000   0.0000
    8.9000   2.7546   1.5048   0.7655   0.3771   0.1114   0.0216   0.0031   0.0003   0.0000   0.0000   0.0000   0.0000   0.0000
    8.9500   2.7486   1.5031   0.7656   0.3814   0.1146   0.0226   0.0033   0.0004   0.0000   0.0000   0.0000   0.0000   0.0000
    9.0000   2.7426   1.5014   0.7656   0.3855   0.1179   0.0236   0.0035   0.0004   0.0000   0.0000   0.0000   0.0000   0.0000
    9.0500   2.7367   1.4997   0.7657   0.3895   0.1213   0.0246   0.0037   0.0004   0.0000   0.0000   0.0000   0.0000   0.0000
    9.1000   2.7308   1.4979   0.7657   0.3934   0.1247   0.0256   0.0039   0.0004   0.0000   0.0000   0.0000   0.0000   0.0000
    9.1500   2.7249   1.4961   0.7658   0.3972   0.1281   0.0267   0.0041   0.0005   0.0000   0.0000   0.0000   0.0000   0.0000
    9.2000   2.7190   1.4942   0.7658   0.4009   0.1315   0.0278   0.0043   0.0005   0.0000   0.0000   0.0000   0.0000   0.0000
    9.2500   2.7132   1.4923   0.7659   0.4045   0.1350   0.0290   0.0045   0.0005   0.0001   0.0000   0.0000   0.0000   0.0000
    9.3000   2.7074   1.4903   0.7660   0.4080   0.1385   0.0302   0.0048   0.0006   0.0001   0.0000   0.0000   0.0000   0.0000
    9.3500   2.7016   1.4883   0.7660   0.4113   0.1420   0.0314   0.0050   0.0006   0.0001   0.0000   0.0000   0.0000   0.0000
    9.4000   2.6958   1.4863   0.7661   0.4146   0.1456   0.0326   0.0053   0.0007   0.0001   0.0000   0.0000   0.0000   0.0000
    9.4500   2.6900   1.4842   0.7662   0.4177   0.1492   0.0339   0.0056   0.0007   0.0001   0.0000   0.0000   0.0000   0.0000
    9.5000   2.6843   1.4821   0.7663   0.4208   0.1528   0.0352   0.0059   0.0007   0.0001   0.0000   0.0000   0.0000   0.0000
    9.5500   2.6786   1.4799   0.7665   0.4237   0.1564   0.0366   0.0062   0.0008   0.0001   0.0000   0.0000   0.0000   0.0000
    9.6000   2.6729   1.4777   0.7666   0.4265   0.1600   0.0380   0.0065   0.0008   0.0001   0.0000   0.0000   0.0000   0.0000
    9.6500   2.6672   1.4754   0.7668   0.4292   0.1636   0.0394   0.0068   0.0009   0.0001   0.0000   0.0000   0.0000   0.0000
    9.7000   2.6615   1.4731   0.7670   0.4318   0.1673   0.0409   0.0072   0.0010   0.0001   0.0000   0.0000   0.0000   0.0000
    9.7500   2.6558   1.4708   0.7673   0.4344   0.1709   0.0424   0.0075   0.0010   0.0001   0.0000   0.0000   0.0000   0.0000
    9.8000   2.6501   1.4684   0.7675   0.4368   0.1746   0.0439   0.0079   0.0011   0.0001   0.0000   0.0000   0.0000   0.0000
    9.8500   2.6445   1.4660   0.7678   0.4391   0.1782   0.0455   0.0083   0.0011   0.0001   0.0000   0.0000   0.0000   0.0000
    9.9000   2.6388   1.4635   0.7682   0.4413   0.1819   0.0471   0.0087   0.0012   0.0001   0.0000   0.0000   0.0000   0.0000
    9.9500   2.6332   1.4610   0.7685   0.4434   0.1855   0.0488   0.0091   0.0013   0.0001   0.0000   0.0000   0.0000   0.0000
   10.0000   2.6275   1.4585   0.7689   0.4454   0.1892   0.0504   0.0095   0.0014   0.0002   0.0000   0.0000   0.0000   0.0000
   10.0500   2.6219   1.4560   0.7693   0.4474   0.1928   0.0522   0.0100   0.0014   0.0002   0.0000   0.0000   0.0000   0.0000
   10.1000   2.6162   1.4534   0.7698   0.4492   0.1964   0.0539   0.0105   0.0015   0.0002   0.0000   0.0000   0.0000   0.0000
   10.1500   2.6106   1.4508   0.7703   0.4510   0.2000   0.0557   0.0109   0.0016   0.0002   0.0000   0.0000   0.0000   0.0000
   10.2000   2.6050   1.4481   0.7708   0.4526   0.2036   0.0575   0.0114   0.0017   0.0002   0.0000   0.0000   0.0000   0.0000
   10.2500   2.5993   1.4455   0.7713   0.4542   0.2071   0.0594   0.0120   0.0018   0.0002   0.0000   0.0000   0.0000   0.0000
   10.3000   2.5937   1.4428   0.7719   0.4558   0.2107   0.0613   0.0125   0.0019   0.0002   0.0000   0.0000   0.0000   0.0000
   10.3500   2.5880   1.4401   0.7725   0.4572   0.2142   0.0632   0.0130   0.0020   0.0002   0.0000   0.0000   0.0000   0.0000
   10.4000   2.5824   1.4374   0.7732   0.4586   0.2177   0.0652   0.0136   0.0021   0.0003   0.0000   0.0000   0.0000   0.0000
   10.4500   2.5767   1.4346   0.7738   0.4599   0.2211   0.0672   0.0142   0.0023   0.0003   0.0000   0.0000   0.0000   0.0000
   10.5000   2.5711   1.4319   0.7745   0.4611   0.2245   0.0692   0.0148   0.0024   0.0003   0.0000   0.0000   0.0000   0.0000
   10.5500   2.5654   1.4291   0.7753   0.4623   0.2279   0.0713   0.0155   0.0025   0.0003   0.0000   0.0000   0.0000   0.0000
   10.6000   2.5598   1.4263   0.7760   0.4634   0.2312   0.0734   0.0161   0.0026   0.0003   0.0000   0.0000   0.0000   0.0000
   10.6500   2.5541   1.4235   0.7768   0.4644   0.2345   0.0755   0.0168   0.0028   0.0004   0.0000   0.0000   0.0000   0.0000
   10.7000   2.5485   1.4207   0.7776   0.4654   0.2378   0.0777   0.0175   0.0029   0.0004   0.0000   0.0000   0.0000   0.0000
   10.7500   2.5428   1.4179   0.7784   0.4664   0.2410   0.0799   0.0182   0.0031   0.0004   0.0000   0.0000   0.0000   0.0000
   10.8000   2.5372   1.4151   0.7793   0.4672   0.2442   0.0821   0.0189   0.0033   0.0004   0.0000   0.0000   0.0000   0.0000
   10.8500   2.5315   1.4123   0.7802   0.4681   0.2473   0.0844   0.0197   0.0034   0.0005   0.0000   0.0000   0.0000   0.0000
   10.9000   2.5258   1.4095   0.7810   0.4689   0.2503   0.0867   0.0205   0.0036   0.0005   0.0001   0.0000   0.0000   0.0000
   10.9500   2.5202   1.4067   0.7820   0.4696   0.2534   0.0890   0.0213   0.0038   0.0005   0.0001   0.0000   0.0000   0.0000
   11.0000   2.5145   1.4039   0.7829   0.4703   0.2563   0.0913   0.0221   0.0040   0.0006   0.0001   0.0000   0.0000   0.0000
   11.0500   2.5088   1.4010   0.7838   0.4710   0.2592   0.0936   0.0230   0.0042   0.0006   0.0001   0.0000   0.0000   0.0000
   11.1000   2.5032   1.3982   0.7848   0.4717   0.2621   0.0960   0.0238   0.0044   0.0006   0.0001   0.0000   0.0000   0.0000
   11.1500   2.4975   1.3955   0.7857   0.4723   0.2649   0.0984   0.0247   0.0046   0.0007   0.0001   0.0000   0.0000   0.0000
   11.2000   2.4918   1.3927   0.7867   0.4728   0.2676   0.1008   0.0257   0.0048   0.0007   0.0001   0.0000   0.0000   0.0000
   11.2500   2.4862   1.3899   0.7877   0.4734   0.2703   0.1033   0.0266   0.0051   0.0007   0.0001   0.0000   0.0000   0.0000
   11.3000   2.4805   1.3871   0.7886   0.4739   0.2729   0.1057   0.0276   0.0053   0.0008   0.0001   0.0000   0.0000   0.0000
   11.3500   2.4749   1.3844   0.7896   0.4744   0.2755   0.1082   0.0286   0.0056   0.0008   0.0001   0.0000   0.0000   0.0000
   11.4000   2.4692   1.3817   0.7906   0.4749   0.2780   0.1107   0.0296   0.0058   0.0009   0.0001   0.0000   0.0000   0.0000
   11.4500   2.4635   1.3790   0.7915   0.4754   0.2804   0.1132   0.0307   0.0061   0.0009   0.0001   0.0000   0.0000   0.0000
   11.5000   2.4579   1.3763   0.7925   0.4759   0.2828   0.1157   0.0317   0.0064   0.0010   0.0001   0.0000   0.0000   0.0000
   11.5500   2.4523   1.3736   0.7935   0.4763   0.2851   0.1183   0.0328   0.0067   0.0010   0.0001   0.0000   0.0000   0.0000
   11.6000   2.4466   1.3710   0.7944   0.4768   0.2873   0.1208   0.0340   0.0070   0.0011   0.0001   0.0000   0.0000   0.0000
   11.6500   2.4410   1.3683   0.7953   0.4772   0.2895   0.1234   0.0351   0.0073   0.0012   0.0001   0.0000   0.0000   0.0000
   11.7000   2.4354   1.3658   0.7963   0.4777   0.2916   0.1259   0.0363   0.0076   0.0012   0.0002   0.0000   0.0000   0.0000
   11.7500   2.4298   1.3632   0.7972   0.4781   0.2937   0.1285   0.0375   0.0080   0.0013   0.0002   0.0000   0.0000   0.0000
   11.8000   2.4242   1.3606   0.7981   0.4785   0.2957   0.1310   0.0387   0.0083   0.0014   0.0002   0.0000   0.0000   0.0000
   11.8500   2.4186   1.3581   0.7989   0.4789   0.2976   0.1336   0.0400   0.0087   0.0014   0.0002   0.0000   0.0000   0.0000
   11.9000   2.4130   1.3556   0.7998   0.4794   0.2995   0.1362   0.0412   0.0091   0.0015   0.0002   0.0000   0.0000   0.0000
   11.9500   2.4074   1.3532   0.8006   0.4798   0.3013   0.1387   0.0425   0.0094   0.0016   0.0002   0.0000   0.0000   0.0000
   12.0000   2.4019   1.3508   0.8014   0.4803   0.3031   0.1413   0.0439   0.0098   0.0017   0.0002   0.0000   0.0000   0.0000
   12.0500   2.3963   1.3484   0.8022   0.4807   0.3048   0.1438   0.0452   0.0103   0.0018   0.0002   0.0000   0.0000   0.0000
   12.1000   2.3908   1.3460   0.8029   0.4812   0.3064   0.1464   0.0466   0.0107   0.0019   0.0003   0.0000   0.0000   0.0000
   12.1500   2.3853   1.3437   0.8036   0.4817   0.3080   0.1489   0.0480   0.0111   0.0020   0.0003   0.0000   0.0000   0.0000
   12.2000   2.3798   1.3414   0.8043   0.4821   0.3095   0.1515   0.0494   0.0116   0.0021   0.0003   0.0000   0.0000   0.0000
   12.2500   2.3743   1.3391   0.8050   0.4826   0.3110   0.1540   0.0509   0.0121   0.0022   0.0003   0.0000   0.0000   0.0000
   12.3000   2.3688   1.3369   0.8056   0.4832   0.3124   0.1565   0.0524   0.0125   0.0023   0.0003   0.0000   0.0000   0.0000
   12.3500   2.3634   1.3347   0.8062   0.4837   0.3138   0.1590   0.0539   0.0130   0.0024   0.0003   0.0000   0.0000   0.0000
   12.4000   2.3580   1.3326   0.8067   0.4842   0.3151   0.1615   0.0554   0.0136   0.0025   0.0004   0.0000   0.0000   0.0000
   12.4500   2.3526   1.3305   0.8073   0.4848   0.3163   0.1639   0.0569   0.0141   0.0027   0.0004   0.0000   0.0000   0.0000
   12.5000   2.3472   1.3284   0.8077   0.4854   0.3175   0.1664   0.0585   0.0146   0.0028   0.0004   0.0001   0.0000   0.0000
   12.5500   2.3419   1.3263   0.8082   0.4860   0.3187   0.1688   0.0601   0.0152   0.0029   0.0004   0.0001   0.0000   0.0000
   12.6000   2.3366   1.3244   0.8087   0.4867   0.3198   0.1713   0.0618   0.0158   0.0031   0.0005   0.0001   0.0000   0.0000
   12.6500   2.3313   1.3224   0.8090   0.4873   0.3209   0.1737   0.0635   0.0164   0.0032   0.0005   0.0001   0.0000   0.0000
   12.7000   2.3260   1.3205   0.8093   0.4880   0.3219   0.1761   0.0651   0.0171   0.0034   0.0005   0.0001   0.0000   0.0000
   12.7500   2.3208   1.3186   0.8096   0.4887   0.3228   0.1784   0.0668   0.0177   0.0035   0.0006   0.0001   0.0000   0.0000
   12.8000   2.3155   1.3167   0.8099   0.4894   0.3238   0.1807   0.0685   0.0183   0.0037   0.0006   0.0001   0.0000   0.0000
   12.8500   2.3104   1.3149   0.8101   0.4901   0.3246   0.1829   0.0702   0.0190   0.0039   0.0006   0.0001   0.0000   0.0000
   12.9000   2.3052   1.3131   0.8102   0.4909   0.3255   0.1852   0.0720   0.0197   0.0041   0.0007   0.0001   0.0000   0.0000
   12.9500   2.3001   1.3113   0.8104   0.4916   0.3263   0.1874   0.0737   0.0204   0.0042   0.0007   0.0001   0.0000   0.0000
   13.0000   2.2950   1.3096   0.8104   0.4924   0.3271   0.1896   0.0755   0.0211   0.0044   0.0007   0.0001   0.0000   0.0000
   13.0500   2.2899   1.3079   0.8105   0.4932   0.3278   0.1917   0.0773   0.0218   0.0046   0.0008   0.0001   0.0000   0.0000
   13.1000   2.2849   1.3062   0.8105   0.4941   0.3285   0.1938   0.0791   0.0226   0.0049   0.0008   0.0001   0.0000   0.0000
   13.1500   2.2799   1.3046   0.8105   0.4949   0.3292   0.1959   0.0809   0.0234   0.0051   0.0009   0.0001   0.0000   0.0000
   13.2000   2.2749   1.3030   0.8104   0.4958   0.3299   0.1979   0.0827   0.0242   0.0053   0.0009   0.0001   0.0000   0.0000
   13.2500   2.2700   1.3014   0.8103   0.4967   0.3305   0.1999   0.0846   0.0250   0.0055   0.0010   0.0001   0.0000   0.0000
   13.3000   2.2651   1.2998   0.8101   0.4976   0.3311   0.2019   0.0864   0.0258   0.0058   0.0010   0.0001   0.0000   0.0000
   13.3500   2.2603   1.2983   0.8100   0.4985   0.3316   0.2038   0.0883   0.0267   0.0060   0.0011   0.0001   0.0000   0.0000
   13.4000   2.2554   1.2968   0.8097   0.4995   0.3322   0.2057   0.0902   0.0275   0.0063   0.0011   0.0002   0.0000   0.0000
   13.4500   2.2507   1.2953   0.8095   0.5004   0.3327   0.2076   0.0921   0.0284   0.0065   0.0012   0.0002   0.0000   0.0000
   13.5000   2.2459   1.2939   0.8092   0.5014   0.3332   0.2094   0.0940   0.0293   0.0068   0.0012   0.0002   0.0000   0.0000
   13.5500   2.2412   1.2924   0.8089   0.5024   0.3337   0.2112   0.0959   0.0303   0.0071   0.0013   0.0002   0.0000   0.0000
   13.6000   2.2365   1.2910   0.8086   0.5034   0.3342   0.2129   0.0978   0.0312   0.0074   0.0014   0.0002   0.0000   0.0000
   13.6500   2.2319   1.2896   0.8082   0.5044   0.3347   0.2146   0.0997   0.0322   0.0077   0.0014   0.0002   0.0000   0.0000
   13.7000   2.2273   1.2882   0.8078   0.5055   0.3351   0.2162   0.1016   0.0332   0.0080   0.0015   0.0002   0.0000   0.0000
   13.7500   2.2227   1.2869   0.8073   0.5065   0.3356   0.2178   0.1035   0.0342   0.0083   0.0016   0.0002   0.0000   0.0000
   13.8000   2.2182   1.2855   0.8069   0.5075   0.3360   0.2194   0.1055   0.0352   0.0087   0.0017   0.0003   0.0000   0.0000
   13.8500   2.2137   1.2842   0.8064   0.5086   0.3364   0.2209   0.1074   0.0362   0.0090   0.0017   0.0003   0.0000   0.0000
   13.9000   2.2093   1.2829   0.8059   0.5096   0.3369   0.2224   0.1093   0.0373   0.0094   0.0018   0.0003   0.0000   0.0000
   13.9500   2.2049   1.2816   0.8054   0.5107   0.3373   0.2239   0.1112   0.0384   0.0097   0.0019   0.0003   0.0000   0.0000
   14.0000   2.2005   1.2803   0.8048   0.5118   0.3377   0.2253   0.1132   0.0395   0.0101   0.0020   0.0003   0.0000   0.0000
   14.0500   2.1962   1.2790   0.8042   0.5128   0.3381   0.2266   0.1151   0.0406   0.0105   0.0021   0.0003   0.0000   0.0000
   14.1000   2.1919   1.2777   0.8036   0.5139   0.3385   0.2279   0.1170   0.0417   0.0109   0.0022   0.0004   0.0000   0.0000
   14.1500   2.1876   1.2764   0.8030   0.5150   0.3389   0.2292   0.1189   0.0429   0.0113   0.0023   0.0004   0.0000   0.0000
   14.2000   2.1834   1.2751   0.8024   0.5160   0.3393   0.2305   0.1208   0.0440   0.0118   0.0024   0.0004   0.0001   0.0000
   14.2500   2.1793   1.2739   0.8018   0.5171   0.3398   0.2317   0.1227   0.0452   0.0122   0.0025   0.0004   0.0001   0.0000
   14.3000   2.1751   1.2726   0.8011   0.5181   0.3402   0.2328   0.1246   0.0464   0.0126   0.0027   0.0004   0.0001   0.0000
   14.3500   2.1710   1.2713   0.8005   0.5192   0.3406   0.2340   0.1264   0.0476   0.0131   0.0028   0.0005   0.0001   0.0000
   14.4000   2.1669   1.2701   0.7998   0.5202   0.3410   0.2350   0.1283   0.0489   0.0136   0.0029   0.0005   0.0001   0.0000
   14.4500   2.1629   1.2688   0.7991   0.5212   0.3415   0.2361   0.1302   0.0501   0.0141   0.0030   0.0005   0.0001   0.0000
   14.5000   2.1589   1.2675   0.7984   0.5223   0.3419   0.2371   0.1320   0.0514   0.0146   0.0032   0.0005   0.0001   0.0000
   14.5500   2.1549   1.2662   0.7978   0.5233   0.3424   0.2381   0.1338   0.0527   0.0151   0.0033   0.0006   0.0001   0.0000
   14.6000   2.1510   1.2650   0.7971   0.5242   0.3429   0.2390   0.1356   0.0540   0.0156   0.0035   0.0006   0.0001   0.0000
   14.6500   2.1471   1.2637   0.7964   0.5252   0.3433   0.2399   0.1374   0.0553   0.0161   0.0036   0.0006   0.0001   0.0000
   14.7000   2.1433   1.2624   0.7957   0.5262   0.3438   0.2408   0.1392   0.0566   0.0167   0.0038   0.0007   0.0001   0.0000
   14.7500   2.1394   1.2611   0.7950   0.5271   0.3443   0.2416   0.1410   0.0580   0.0173   0.0039   0.0007   0.0001   0.0000
   14.8000   2.1356   1.2597   0.7943   0.5280   0.3449   0.2425   0.1427   0.0594   0.0178   0.0041   0.0007   0.0001   0.0000
   14.8500   2.1319   1.2584   0.7936   0.5289   0.3454   0.2432   0.1444   0.0607   0.0184   0.0043   0.0008   0.0001   0.0000
   14.9000   2.1281   1.2571   0.7929   0.5298   0.3459   0.2440   0.1462   0.0621   0.0190   0.0045   0.0008   0.0001   0.0000
   14.9500   2.1244   1.2557   0.7922   0.5307   0.3465   0.2447   0.1478   0.0635   0.0197   0.0046   0.0009   0.0001   0.0000
   15.0000   2.1208   1.2544   0.7915   0.5315   0.3471   0.2454   0.1495   0.0649   0.0203   0.0048   0.0009   0.0001   0.0000
   15.0500   2.1171   1.2530   0.7909   0.5323   0.3477   0.2460   0.1511   0.0663   0.0210   0.0050   0.0010   0.0001   0.0000
   15.1000   2.1135   1.2516   0.7902   0.5331   0.3483   0.2467   0.1527   0.0678   0.0216   0.0053   0.0010   0.0002   0.0000
   15.1500   2.1099   1.2502   0.7896   0.5339   0.3489   0.2473   0.1543   0.0692   0.0223   0.0055   0.0011   0.0002   0.0000
   15.2000   2.1063   1.2488   0.7889   0.5346   0.3496   0.2479   0.1559   0.0707   0.0230   0.0057   0.0011   0.0002   0.0000
   15.2500   2.1028   1.2474   0.7883   0.5353   0.3502   0.2484   0.1574   0.0721   0.0237   0.0059   0.0012   0.0002   0.0000
   15.3000   2.0993   1.2459   0.7877   0.5360   0.3509   0.2490   0.1590   0.0736   0.0244   0.0062   0.0012   0.0002   0.0000
   15.3500   2.0958   1.2445   0.7871   0.5367   0.3516   0.2495   0.1605   0.0751   0.0252   0.0064   0.0013   0.0002   0.0000
   15.4000   2.0923   1.2430   0.7865   0.5373   0.3523   0.2500   0.1619   0.0766   0.0259   0.0067   0.0013   0.0002   0.0000
   15.4500   2.0888   1.2415   0.7859   0.5379   0.3530   0.2505   0.1633   0.0780   0.0267   0.0069   0.0014   0.0002   0.0000
   15.5000   2.0854   1.2400   0.7854   0.5385   0.3538   0.2510   0.1648   0.0795   0.0275   0.0072   0.0015   0.0002   0.0000
   15.5500   2.0820   1.2384   0.7848   0.5390   0.3545   0.2514   0.1661   0.0810   0.0283   0.0075   0.0015   0.0003   0.0000
   15.6000   2.0786   1.2369   0.7843   0.5395   0.3553   0.2518   0.1675   0.0825   0.0291   0.0077   0.0016   0.0003   0.0000
   15.6500   2.0752   1.2353   0.7838   0.5400   0.3561   0.2523   0.1688   0.0840   0.0299   0.0080   0.0017   0.0003   0.0000
   15.7000   2.0718   1.2338   0.7833   0.5404   0.3569   0.2527   0.1701   0.0855   0.0308   0.0083   0.0018   0.0003   0.0000
   15.7500   2.0685   1.2322   0.7828   0.5409   0.3577   0.2531   0.1714   0.0871   0.0316   0.0086   0.0019   0.0003   0.0000
   15.8000   2.0651   1.2306   0.7824   0.5413   0.3585   0.2535   0.1726   0.0886   0.0325   0.0090   0.0019   0.0003   0.0000
   15.8500   2.0618   1.2289   0.7819   0.5416   0.3594   0.2538   0.1738   0.0901   0.0334   0.0093   0.0020   0.0004   0.0001
   15.9000   2.0585   1.2273   0.7815   0.5420   0.3602   0.2542   0.1750   0.0916   0.0343   0.0096   0.0021   0.0004   0.0001
   15.9500   2.0552   1.2257   0.7811   0.5423   0.3611   0.2546   0.1761   0.0931   0.0352   0.0100   0.0022   0.0004   0.0001
   16.0000   2.0519   1.2240   0.7807   0.5426   0.3620   0.2549   0.1772   0.0946   0.0362   0.0103   0.0023   0.0004   0.0001
   16.0500   2.0486   1.2223   0.7804   0.5428   0.3629   0.2553   0.1783   0.0961   0.0371   0.0107   0.0024   0.0004   0.0001
   16.1000   2.0453   1.2206   0.7800   0.5431   0.3638   0.2556   0.1794   0.0976   0.0381   0.0111   0.0025   0.0005   0.0001
   16.1500   2.0420   1.2189   0.7797   0.5433   0.3647   0.2560   0.1804   0.0991   0.0390   0.0115   0.0026   0.0005   0.0001
   16.2000   2.0388   1.2172   0.7794   0.5434   0.3656   0.2563   0.1814   0.1006   0.0400   0.0119   0.0027   0.0005   0.0001
   16.2500   2.0355   1.2155   0.7791   0.5436   0.3665   0.2566   0.1824   0.1021   0.0410   0.0123   0.0029   0.0005   0.0001
   16.3000   2.0323   1.2138   0.7789   0.5437   0.3674   0.2570   0.1833   0.1035   0.0420   0.0127   0.0030   0.0006   0.0001
   16.3500   2.0290   1.2120   0.7786   0.5438   0.3684   0.2573   0.1842   0.1050   0.0430   0.0131   0.0031   0.0006   0.0001
   16.4000   2.0258   1.2103   0.7784   0.5439   0.3693   0.2577   0.1851   0.1065   0.0441   0.0136   0.0032   0.0006   0.0001
   16.4500   2.0225   1.2085   0.7782   0.5439   0.3702   0.2580   0.1860   0.1079   0.0451   0.0140   0.0034   0.0007   0.0001
   16.5000   2.0193   1.2067   0.7780   0.5440   0.3712   0.2584   0.1868   0.1094   0.0462   0.0145   0.0035   0.0007   0.0001
   16.5500   2.0160   1.2050   0.7778   0.5440   0.3721   0.2587   0.1876   0.1108   0.0473   0.0149   0.0037   0.0007   0.0001
   16.6000   2.0128   1.2032   0.7776   0.5440   0.3730   0.2591   0.1884   0.1122   0.0483   0.0154   0.0038   0.0008   0.0001
   16.6500   2.0096   1.2014   0.7774   0.5439   0.3740   0.2595   0.1891   0.1136   0.0494   0.0159   0.0040   0.0008   0.0001
   16.7000   2.0063   1.1996   0.7773   0.5439   0.3749   0.2598   0.1899   0.1150   0.0505   0.0164   0.0041   0.0008   0.0001
   16.7500   2.0031   1.1978   0.7772   0.5438   0.3758   0.2602   0.1906   0.1164   0.0517   0.0169   0.0043   0.0009   0.0001
   16.8000   1.9999   1.1960   0.7771   0.5438   0.3768   0.2606   0.1912   0.1178   0.0528   0.0175   0.0045   0.0009   0.0002
   16.8500   1.9966   1.1942   0.7769   0.5437   0.3777   0.2610   0.1919   0.1191   0.0539   0.0180   0.0046   0.0010   0.0002
   16.9000   1.9934   1.1924   0.7768   0.5436   0.3786   0.2614   0.1925   0.1205   0.0551   0.0185   0.0048   0.0010   0.0002
   16.9500   1.9901   1.1906   0.7768   0.5434   0.3795   0.2619   0.1931   0.1218   0.0562   0.0191   0.0050   0.0011   0.0002
   17.0000   1.9869   1.1888   0.7767   0.5433   0.3804   0.2623   0.1937   0.1231   0.0574   0.0197   0.0052   0.0011   0.0002
   17.0500   1.9836   1.1870   0.7766   0.5432   0.3813   0.2627   0.1942   0.1244   0.0585   0.0203   0.0054   0.0012   0.0002
   17.1000   1.9804   1.1852   0.7765   0.5430   0.3822   0.2632   0.1948   0.1257   0.0597   0.0209   0.0056   0.0012   0.0002
   17.1500   1.9771   1.1835   0.7765   0.5428   0.3830   0.2637   0.1953   0.1269   0.0609   0.0215   0.0058   0.0013   0.0002
   17.2000   1.9739   1.1817   0.7764   0.5427   0.3839   0.2641   0.1958   0.1282   0.0621   0.0221   0.0060   0.0013   0.0002
   17.2500   1.9706   1.1799   0.7764   0.5425   0.3847   0.2646   0.1963   0.1294   0.0633   0.0227   0.0063   0.0014   0.0002
   17.3000   1.9674   1.1781   0.7763   0.5423   0.3855   0.2651   0.1967   0.1306   0.0645   0.0234   0.0065   0.0014   0.0003
   17.3500   1.9641   1.1764   0.7763   0.5421   0.3864   0.2656   0.1972   0.1317   0.0657   0.0240   0.0067   0.0015   0.0003
   17.4000   1.9608   1.1746   0.7763   0.5419   0.3872   0.2662   0.1976   0.1329   0.0669   0.0247   0.0070   0.0016   0.0003
   17.4500   1.9576   1.1729   0.7762   0.5417   0.3879   0.2667   0.1980   0.1340   0.0681   0.0254   0.0072   0.0016   0.0003
   17.5000   1.9543   1.1712   0.7762   0.5415   0.3887   0.2673   0.1984   0.1352   0.0693   0.0261   0.0075   0.0017   0.0003
   17.5500   1.9510   1.1694   0.7761   0.5413   0.3894   0.2679   0.1988   0.1362   0.0705   0.0268   0.0078   0.0018   0.0003
   17.6000   1.9478   1.1677   0.7761   0.5411   0.3902   0.2684   0.1992   0.1373   0.0718   0.0275   0.0080   0.0019   0.0004
   17.6500   1.9445   1.1660   0.7760   0.5409   0.3909   0.2690   0.1995   0.1384   0.0730   0.0282   0.0083   0.0020   0.0004
   17.7000   1.9412   1.1644   0.7760   0.5407   0.3916   0.2696   0.1999   0.1394   0.0742   0.0290   0.0086   0.0020   0.0004
   17.7500   1.9379   1.1627   0.7759   0.5405   0.3922   0.2703   0.2002   0.1404   0.0754   0.0297   0.0089   0.0021   0.0004
