   811    12   178     datakind beginning-row linenumbers
-----------------------------------------------------------------
Conversion of traditional potential data to mscd format
POCONV Version 1.20 Yufeng Chen and Michel A Van Hove
Lawrence Berkeley National Laboratory (LBNL), Berkeley, CA 94720
Copyright (c) Van Hove Group 1997-1998. All rights reserved
-----------------------------------------------------------------

         1                   1 potential data

   r (angstrom)   rV (eV-angs)
   7.976135e-05   1.151531e+02
   8.385180e-05   1.151531e+02
   8.815393e-05   1.151531e+02
   9.267301e-05   1.151459e+02
   9.742493e-05   1.151459e+02
   1.024203e-04   1.151459e+02
   1.076696e-04   1.151387e+02
   1.131888e-04   1.151387e+02
   1.189938e-04   1.151387e+02
   1.250951e-04   1.151315e+02
   1.315086e-04   1.151315e+02
   1.382502e-04   1.151315e+02
   1.453357e-04   1.151243e+02
   1.527917e-04   1.151243e+02
   1.606234e-04   1.151171e+02
   1.688572e-04   1.151171e+02
   1.775144e-04   1.151099e+02
   1.866160e-04   1.151099e+02
   1.961834e-04   1.151027e+02
   2.062428e-04   1.151027e+02
   2.168209e-04   1.150955e+02
   2.279334e-04   1.150883e+02
   2.396227e-04   1.150811e+02
   2.519100e-04   1.150811e+02
   2.648216e-04   1.150739e+02
   2.784001e-04   1.150667e+02
   2.926770e-04   1.150595e+02
   3.076789e-04   1.150523e+02
   3.234586e-04   1.150451e+02
   3.400427e-04   1.150379e+02
   3.574735e-04   1.150307e+02
   3.758038e-04   1.150235e+02
   3.950708e-04   1.150163e+02
   4.153273e-04   1.150091e+02
   4.366210e-04   1.150019e+02
   4.590047e-04   1.149875e+02
   4.825421e-04   1.149803e+02
   5.072806e-04   1.149659e+02
   5.332945e-04   1.149587e+02
   5.606525e-04   1.149443e+02
   5.893862e-04   1.149299e+02
   6.196016e-04   1.149155e+02
   6.513516e-04   1.149011e+02
   6.847421e-04   1.148867e+02
   7.198788e-04   1.148723e+02
   7.567617e-04   1.148579e+02
   7.956026e-04   1.148435e+02
   8.363485e-04   1.148219e+02
   8.792639e-04   1.148075e+02
   9.243489e-04   1.147859e+02
   9.717094e-04   1.147643e+02
   1.021557e-03   1.147427e+02
   1.073944e-03   1.147211e+02
   1.128978e-03   1.146923e+02
   1.186869e-03   1.146707e+02
   1.247723e-03   1.146419e+02
   1.311699e-03   1.146131e+02
   1.378956e-03   1.145843e+02
   1.449653e-03   1.145555e+02
   1.523948e-03   1.145195e+02
   1.602106e-03   1.144835e+02
   1.684233e-03   1.144475e+02
   1.770593e-03   1.144115e+02
   1.861398e-03   1.143755e+02
   1.956807e-03   1.143324e+02
   2.057137e-03   1.142820e+02
   2.162600e-03   1.142388e+02
   2.273513e-03   1.141884e+02
   2.390036e-03   1.141380e+02
   2.512591e-03   1.140804e+02
   2.641443e-03   1.140300e+02
   2.776857e-03   1.139652e+02
   2.919203e-03   1.139004e+02
   3.068904e-03   1.138356e+02
   3.226225e-03   1.137636e+02
   3.391643e-03   1.136916e+02
   3.565527e-03   1.136124e+02
   3.748354e-03   1.135332e+02
   3.940548e-03   1.134468e+02
   4.142584e-03   1.133532e+02
   4.354991e-03   1.132597e+02
   4.578247e-03   1.131589e+02
   4.812985e-03   1.130581e+02
   5.059789e-03   1.129429e+02
   5.319187e-03   1.128277e+02
   5.591708e-03   1.127053e+02
   5.878516e-03   1.125757e+02
   6.180142e-03   1.124389e+02
   6.497112e-03   1.122949e+02
   6.829958e-03   1.121438e+02
   7.180267e-03   1.119854e+02
   7.548038e-03   1.118198e+02
   7.935388e-03   1.116470e+02
   8.342317e-03   1.114598e+02
   8.769885e-03   1.112654e+02
   9.219676e-03   1.110639e+02
   9.692223e-03   1.108479e+02
   1.018911e-02   1.106247e+02
   1.071140e-02   1.103871e+02
   1.126067e-02   1.101352e+02
   1.183799e-02   1.098760e+02
   1.244495e-02   1.095952e+02
   1.308312e-02   1.093072e+02
   1.375411e-02   1.090049e+02
   1.445896e-02   1.086809e+02
   1.520032e-02   1.083497e+02
   1.597979e-02   1.079970e+02
   1.679894e-02   1.076226e+02
   1.766042e-02   1.072338e+02
   1.856582e-02   1.068307e+02
   1.951779e-02   1.063987e+02
   2.051845e-02   1.059523e+02
   2.157043e-02   1.054844e+02
   2.267639e-02   1.049948e+02
   2.383897e-02   1.044837e+02
   2.506135e-02   1.039437e+02
   2.634617e-02   1.033822e+02
   2.769713e-02   1.027990e+02
   2.911689e-02   1.021871e+02
   3.060967e-02   1.015464e+02
   3.217918e-02   1.008840e+02
   3.382912e-02   1.001857e+02
   3.556373e-02   9.946577e+01
   3.738671e-02   9.872424e+01
   3.930388e-02   9.794670e+01
   4.131895e-02   9.713318e+01
   4.343720e-02   9.629807e+01
   4.566447e-02   9.543414e+01
   4.800550e-02   9.453423e+01
   5.046719e-02   9.361272e+01
   5.305428e-02   9.265521e+01
   5.577420e-02   9.166890e+01
   5.863170e-02   9.066100e+01
   6.164266e-02   8.961710e+01
   6.480179e-02   8.853720e+01
   6.812496e-02   8.749330e+01
   7.161746e-02   8.636301e+01
   7.528988e-02   8.519672e+01
   7.914751e-02   8.400163e+01
   8.320622e-02   8.277775e+01
   8.747131e-02   8.152507e+01
   9.195863e-02   8.023639e+01
   9.667352e-02   7.892612e+01
   1.016265e-01   7.757984e+01
   1.068388e-01   7.620477e+01
   1.123157e-01   7.479370e+01
   1.180730e-01   7.335384e+01
   1.241267e-01   7.187294e+01
   1.304926e-01   7.037045e+01
   1.371813e-01   6.882619e+01
   1.442192e-01   6.724594e+01
   1.516116e-01   6.563258e+01
   1.593851e-01   6.398681e+01
   1.675554e-01   6.231081e+01
   1.761491e-01   6.060745e+01
   1.851767e-01   5.887962e+01
   1.946699e-01   5.713234e+01
   2.046553e-01   5.536922e+01
   2.151487e-01   5.358955e+01
   2.261766e-01   5.179549e+01
   2.377759e-01   5.002374e+01
   2.499626e-01   4.819871e+01
   2.627790e-01   4.635568e+01
   2.762516e-01   4.449106e+01
   2.904174e-01   4.260916e+01
   3.053082e-01   4.069414e+01
   3.209610e-01   3.875536e+01
   3.374180e-01   3.678707e+01
   3.547165e-01   3.479502e+01
   3.729040e-01   3.278281e+01
   3.920228e-01   3.075476e+01
   4.121206e-01   2.875047e+01
   4.332502e-01   2.670731e+01
   4.554646e-01   2.466630e+01
   4.788167e-01   2.263465e+01
   5.033648e-01   2.061812e+01
   5.291670e-01   1.862751e+01
   5.563133e-01   1.666498e+01
