   811    12   177     datakind beginning-row linenumbers
-----------------------------------------------------------------
Conversion of traditional potential data to mscd format
POCONV Version 1.20 Yufeng Chen and Michel A Van Hove
Lawrence Berkeley National Laboratory (LBNL), Berkeley, CA 94720
Copyright (c) Van Hove Group 1997-1998. All rights reserved
-----------------------------------------------------------------

         1                   1 potential data

   r (angstrom)   rV (eV-angs)
   7.976135e-05   3.741629e+02
   8.385180e-05   3.741485e+02
   8.815393e-05   3.741413e+02
   9.267301e-05   3.741269e+02
   9.742493e-05   3.741125e+02
   1.024203e-04   3.741053e+02
   1.076696e-04   3.740909e+02
   1.131888e-04   3.740765e+02
   1.189938e-04   3.740621e+02
   1.250951e-04   3.740477e+02
   1.315086e-04   3.740261e+02
   1.382502e-04   3.740117e+02
   1.453357e-04   3.739901e+02
   1.527917e-04   3.739757e+02
   1.606234e-04   3.739541e+02
   1.688572e-04   3.739325e+02
   1.775144e-04   3.739109e+02
   1.866160e-04   3.738893e+02
   1.961834e-04   3.738605e+02
   2.062428e-04   3.738389e+02
   2.168209e-04   3.738102e+02
   2.279334e-04   3.737813e+02
   2.396227e-04   3.737525e+02
   2.519100e-04   3.737166e+02
   2.648216e-04   3.736877e+02
   2.784001e-04   3.736518e+02
   2.926770e-04   3.736158e+02
   3.076789e-04   3.735725e+02
   3.234586e-04   3.735366e+02
   3.400427e-04   3.734934e+02
   3.574735e-04   3.734430e+02
   3.758038e-04   3.733998e+02
   3.950708e-04   3.733494e+02
   4.153273e-04   3.732918e+02
   4.366210e-04   3.732414e+02
   4.590047e-04   3.731838e+02
   4.825421e-04   3.731190e+02
   5.072806e-04   3.730542e+02
   5.332945e-04   3.729894e+02
   5.606525e-04   3.729174e+02
   5.893862e-04   3.728454e+02
   6.196016e-04   3.727662e+02
   6.513516e-04   3.726798e+02
   6.847421e-04   3.725935e+02
   7.198788e-04   3.725070e+02
   7.567617e-04   3.724063e+02
   7.956026e-04   3.723055e+02
   8.363485e-04   3.721975e+02
   8.792639e-04   3.720895e+02
   9.243489e-04   3.719743e+02
   9.717094e-04   3.718447e+02
   1.021557e-03   3.717151e+02
   1.073944e-03   3.715783e+02
   1.128978e-03   3.714344e+02
   1.186869e-03   3.712832e+02
   1.247723e-03   3.711248e+02
   1.311699e-03   3.709592e+02
   1.378956e-03   3.707792e+02
   1.449653e-03   3.705920e+02
   1.523948e-03   3.703977e+02
   1.602106e-03   3.701961e+02
   1.684233e-03   3.699801e+02
   1.770593e-03   3.697497e+02
   1.861398e-03   3.695121e+02
   1.956807e-03   3.692602e+02
   2.057137e-03   3.689938e+02
   2.162600e-03   3.687202e+02
   2.273513e-03   3.684250e+02
   2.390036e-03   3.681155e+02
   2.512591e-03   3.677915e+02
   2.641443e-03   3.674532e+02
   2.776857e-03   3.670932e+02
   2.919203e-03   3.667188e+02
   3.068904e-03   3.663228e+02
   3.226225e-03   3.659053e+02
   3.391643e-03   3.654733e+02
   3.565527e-03   3.650126e+02
   3.748354e-03   3.645302e+02
   3.940548e-03   3.640191e+02
   4.142584e-03   3.634863e+02
   4.354991e-03   3.629248e+02
   4.578247e-03   3.623344e+02
   4.812985e-03   3.617225e+02
   5.059789e-03   3.610674e+02
   5.319187e-03   3.603906e+02
   5.591708e-03   3.596923e+02
   5.878516e-03   3.589363e+02
   6.180142e-03   3.581516e+02
   6.497112e-03   3.573309e+02
   6.829958e-03   3.564598e+02
   7.180267e-03   3.555599e+02
   7.548038e-03   3.546096e+02
   7.935388e-03   3.536161e+02
   8.342317e-03   3.525721e+02
   8.769885e-03   3.514850e+02
   9.219676e-03   3.503476e+02
   9.692223e-03   3.491525e+02
   1.018911e-02   3.479142e+02
   1.071140e-02   3.466111e+02
   1.126067e-02   3.453008e+02
   1.183799e-02   3.438898e+02
   1.244495e-02   3.424139e+02
   1.308312e-02   3.408805e+02
   1.375411e-02   3.392822e+02
   1.445896e-02   3.376192e+02
   1.520032e-02   3.358841e+02
   1.597979e-02   3.340915e+02
   1.679894e-02   3.322197e+02
   1.766042e-02   3.302758e+02
   1.856582e-02   3.282601e+02
   1.951779e-02   3.261722e+02
   2.051845e-02   3.240053e+02
   2.157043e-02   3.217591e+02
   2.267639e-02   3.194337e+02
   2.383897e-02   3.170291e+02
   2.506135e-02   3.145381e+02
   2.634617e-02   3.119608e+02
   2.769713e-02   3.092971e+02
   2.911689e-02   3.065469e+02
   3.060967e-02   3.036960e+02
   3.217918e-02   3.008091e+02
   3.382912e-02   2.978069e+02
   3.556373e-02   2.946824e+02
   3.738671e-02   2.914644e+02
   3.930388e-02   2.881599e+02
   4.131895e-02   2.847546e+02
   4.343720e-02   2.812557e+02
   4.566447e-02   2.776705e+02
   4.800550e-02   2.739844e+02
   5.046719e-02   2.702120e+02
   5.305428e-02   2.663459e+02
   5.577420e-02   2.623935e+02
   5.863170e-02   2.583547e+02
   6.164266e-02   2.542151e+02
   6.480179e-02   2.499891e+02
   6.812496e-02   2.456695e+02
   7.161746e-02   2.412635e+02
   7.528988e-02   2.367783e+02
   7.914751e-02   2.321996e+02
   8.320622e-02   2.275704e+02
   8.747131e-02   2.228477e+02
   9.195863e-02   2.180529e+02
   9.667352e-02   2.132006e+02
   1.016265e-01   2.082906e+02
   1.068388e-01   2.033375e+02
   1.123157e-01   1.983340e+02
   1.180730e-01   1.933161e+02
   1.241267e-01   1.882405e+02
   1.304926e-01   1.831362e+02
   1.371813e-01   1.780031e+02
   1.442192e-01   1.728700e+02
   1.516116e-01   1.676577e+02
   1.593851e-01   1.624310e+02
   1.675554e-01   1.571755e+02
   1.761491e-01   1.518624e+02
   1.851767e-01   1.465565e+02
   1.946699e-01   1.411930e+02
   2.046553e-01   1.358151e+02
   2.151487e-01   1.304444e+02
   2.261766e-01   1.250809e+02
   2.377759e-01   1.197246e+02
   2.499626e-01   1.143827e+02
   2.627790e-01   1.090553e+02
   2.762516e-01   1.037494e+02
   2.904174e-01   9.840746e+01
   3.053082e-01   9.308717e+01
   3.209610e-01   8.776688e+01
   3.374180e-01   8.251857e+01
   3.547165e-01   7.728467e+01
   3.729040e-01   7.212276e+01
   3.920228e-01   6.705659e+01
   4.121206e-01   6.212435e+01
   4.332502e-01   5.734760e+01
   4.554646e-01   5.270404e+01
   4.788167e-01   4.821455e+01
   5.033648e-01   4.392303e+01
   5.291670e-01   3.979494e+01
