   811    12   177     datakind beginning-row linenumbers
-----------------------------------------------------------------
Conversion of traditional potential data to mscd format
POCONV Version 1.20 Yufeng Chen and Michel A Van Hove
Lawrence Berkeley National Laboratory (LBNL), Berkeley, CA 94720
Copyright (c) Van Hove Group 1997-1998. All rights reserved
-----------------------------------------------------------------

         1                   1 potential data

   r (angstrom)   rV (eV-angs)
   7.976135e-05   3.741629e+02
   8.385180e-05   3.741485e+02
   8.815393e-05   3.741413e+02
   9.267301e-05   3.741269e+02
   9.742493e-05   3.741125e+02
   1.024203e-04   3.741053e+02
   1.076696e-04   3.740909e+02
   1.131888e-04   3.740765e+02
   1.189938e-04   3.740621e+02
   1.250951e-04   3.740405e+02
   1.315086e-04   3.740261e+02
   1.382502e-04   3.740117e+02
   1.453357e-04   3.739901e+02
   1.527917e-04   3.739685e+02
   1.606234e-04   3.739541e+02
   1.688572e-04   3.739325e+02
   1.775144e-04   3.739109e+02
   1.866160e-04   3.738821e+02
   1.961834e-04   3.738605e+02
   2.062428e-04   3.738317e+02
   2.168209e-04   3.738029e+02
   2.279334e-04   3.737741e+02
   2.396227e-04   3.737454e+02
   2.519100e-04   3.737166e+02
   2.648216e-04   3.736805e+02
   2.784001e-04   3.736446e+02
   2.926770e-04   3.736086e+02
   3.076789e-04   3.735725e+02
   3.234586e-04   3.735294e+02
   3.400427e-04   3.734861e+02
   3.574735e-04   3.734430e+02
   3.758038e-04   3.733926e+02
   3.950708e-04   3.733422e+02
   4.153273e-04   3.732918e+02
   4.366210e-04   3.732342e+02
   4.590047e-04   3.731766e+02
   4.825421e-04   3.731190e+02
   5.072806e-04   3.730542e+02
   5.332945e-04   3.729822e+02
   5.606525e-04   3.729174e+02
   5.893862e-04   3.728382e+02
   6.196016e-04   3.727590e+02
   6.513516e-04   3.726798e+02
   6.847421e-04   3.725935e+02
   7.198788e-04   3.724999e+02
   7.567617e-04   3.723991e+02
   7.956026e-04   3.722983e+02
   8.363485e-04   3.721975e+02
   8.792639e-04   3.720823e+02
   9.243489e-04   3.719671e+02
   9.717094e-04   3.718375e+02
   1.021557e-03   3.717079e+02
   1.073944e-03   3.715711e+02
   1.128978e-03   3.714272e+02
   1.186869e-03   3.712760e+02
   1.247723e-03   3.711176e+02
   1.311699e-03   3.709448e+02
   1.378956e-03   3.707720e+02
   1.449653e-03   3.705848e+02
   1.523948e-03   3.703905e+02
   1.602106e-03   3.701817e+02
   1.684233e-03   3.699657e+02
   1.770593e-03   3.697353e+02
   1.861398e-03   3.694977e+02
   1.956807e-03   3.692458e+02
   2.057137e-03   3.689794e+02
   2.162600e-03   3.686986e+02
   2.273513e-03   3.684106e+02
   2.390036e-03   3.681011e+02
   2.512591e-03   3.677771e+02
   2.641443e-03   3.674315e+02
   2.776857e-03   3.670716e+02
   2.919203e-03   3.666972e+02
   3.068904e-03   3.663013e+02
   3.226225e-03   3.658837e+02
   3.391643e-03   3.654445e+02
   3.565527e-03   3.649838e+02
   3.748354e-03   3.645014e+02
   3.940548e-03   3.639903e+02
   4.142584e-03   3.634575e+02
   4.354991e-03   3.628888e+02
   4.578247e-03   3.622984e+02
   4.812985e-03   3.616793e+02
   5.059789e-03   3.610313e+02
   5.319187e-03   3.603474e+02
   5.591708e-03   3.596275e+02
   5.878516e-03   3.588788e+02
   6.180142e-03   3.580868e+02
   6.497112e-03   3.572589e+02
   6.829958e-03   3.563950e+02
   7.180267e-03   3.554807e+02
   7.548038e-03   3.545304e+02
   7.935388e-03   3.535368e+02
   8.342317e-03   3.524930e+02
   8.769885e-03   3.513987e+02
   9.219676e-03   3.502540e+02
   9.692223e-03   3.490589e+02
   1.018911e-02   3.478206e+02
   1.071140e-02   3.465391e+02
   1.126067e-02   3.451784e+02
   1.183799e-02   3.437602e+02
   1.244495e-02   3.422771e+02
   1.308312e-02   3.407509e+02
   1.375411e-02   3.394262e+02
   1.445896e-02   3.377560e+02
   1.520032e-02   3.360209e+02
   1.597979e-02   3.342211e+02
   1.679894e-02   3.323493e+02
   1.766042e-02   3.304055e+02
   1.856582e-02   3.283896e+02
   1.951779e-02   3.262946e+02
   2.051845e-02   3.241205e+02
   2.157043e-02   3.218743e+02
   2.267639e-02   3.195417e+02
   2.383897e-02   3.171299e+02
   2.506135e-02   3.146317e+02
   2.634617e-02   3.120688e+02
   2.769713e-02   3.093979e+02
   2.911689e-02   3.066405e+02
   3.060967e-02   3.037896e+02
   3.217918e-02   3.008810e+02
   3.382912e-02   2.978861e+02
   3.556373e-02   2.947616e+02
   3.738671e-02   2.915363e+02
   3.930388e-02   2.882534e+02
   4.131895e-02   2.848482e+02
   4.343720e-02   2.813421e+02
   4.566447e-02   2.777424e+02
   4.800550e-02   2.742436e+02
   5.046719e-02   2.704927e+02
   5.305428e-02   2.666267e+02
   5.577420e-02   2.626671e+02
   5.863170e-02   2.586067e+02
   6.164266e-02   2.544527e+02
   6.480179e-02   2.502195e+02
   6.812496e-02   2.458999e+02
   7.161746e-02   2.414867e+02
   7.528988e-02   2.369871e+02
   7.914751e-02   2.324084e+02
   8.320622e-02   2.277648e+02
   8.747131e-02   2.230276e+02
   9.195863e-02   2.185209e+02
   9.667352e-02   2.136613e+02
   1.016265e-01   2.087514e+02
   1.068388e-01   2.037911e+02
   1.123157e-01   1.987803e+02
   1.180730e-01   1.937408e+02
   1.241267e-01   1.886653e+02
   1.304926e-01   1.835538e+02
   1.371813e-01   1.784711e+02
   1.442192e-01   1.732948e+02
   1.516116e-01   1.680825e+02
   1.593851e-01   1.629421e+02
   1.675554e-01   1.576507e+02
   1.761491e-01   1.526543e+02
   1.851767e-01   1.473412e+02
   1.946699e-01   1.419705e+02
   2.046553e-01   1.365926e+02
   2.151487e-01   1.312292e+02
   2.261766e-01   1.258657e+02
   2.377759e-01   1.205022e+02
   2.499626e-01   1.151819e+02
   2.627790e-01   1.100992e+02
   2.762516e-01   1.048868e+02
   2.904174e-01   9.954495e+01
   3.053082e-01   9.427505e+01
   3.209610e-01   8.896196e+01
   3.374180e-01   8.368486e+01
   3.547165e-01   7.868854e+01
   3.729040e-01   7.358421e+01
   3.920228e-01   6.852742e+01
   4.121206e-01   6.371971e+01
   4.332502e-01   5.894225e+01
   4.554646e-01   5.456794e+01
   4.788167e-01   5.011444e+01
   5.033648e-01   4.589708e+01
   5.291670e-01   4.193242e+01
