   811    12   178     datakind beginning-row linenumbers
-----------------------------------------------------------------
Conversion of traditional potential data to mscd format
POCONV Version 1.20 Yufeng Chen and Michel A Van Hove
Lawrence Berkeley National Laboratory (LBNL), Berkeley, CA 94720
Copyright (c) Van Hove Group 1997-1998. All rights reserved
-----------------------------------------------------------------

         1                   1 potential data

   r (angstrom)   rV (eV-angs)
   7.976135e-05   8.636301e+01
   8.385180e-05   8.636301e+01
   8.815393e-05   8.636301e+01
   9.267301e-05   8.636301e+01
   9.742493e-05   8.636301e+01
   1.024203e-04   8.635580e+01
   1.076696e-04   8.635580e+01
   1.131888e-04   8.635580e+01
   1.189938e-04   8.635580e+01
   1.250951e-04   8.634861e+01
   1.315086e-04   8.634861e+01
   1.382502e-04   8.634861e+01
   1.453357e-04   8.634861e+01
   1.527917e-04   8.634141e+01
   1.606234e-04   8.634141e+01
   1.688572e-04   8.634141e+01
   1.775144e-04   8.633421e+01
   1.866160e-04   8.633421e+01
   1.961834e-04   8.632701e+01
   2.062428e-04   8.632701e+01
   2.168209e-04   8.631981e+01
   2.279334e-04   8.631981e+01
   2.396227e-04   8.631261e+01
   2.519100e-04   8.631261e+01
   2.648216e-04   8.630541e+01
   2.784001e-04   8.630541e+01
   2.926770e-04   8.629822e+01
   3.076789e-04   8.629102e+01
   3.234586e-04   8.629102e+01
   3.400427e-04   8.628381e+01
   3.574735e-04   8.627662e+01
   3.758038e-04   8.626942e+01
   3.950708e-04   8.626942e+01
   4.153273e-04   8.626222e+01
   4.366210e-04   8.625502e+01
   4.590047e-04   8.624781e+01
   4.825421e-04   8.624062e+01
   5.072806e-04   8.623341e+01
   5.332945e-04   8.621902e+01
   5.606525e-04   8.621182e+01
   5.893862e-04   8.620462e+01
   6.196016e-04   8.619742e+01
   6.513516e-04   8.618302e+01
   6.847421e-04   8.617583e+01
   7.198788e-04   8.616143e+01
   7.567617e-04   8.615423e+01
   7.956026e-04   8.613983e+01
   8.363485e-04   8.612543e+01
   8.792639e-04   8.611103e+01
   9.243489e-04   8.609663e+01
   9.717094e-04   8.608223e+01
   1.021557e-03   8.606783e+01
   1.073944e-03   8.604623e+01
   1.128978e-03   8.603184e+01
   1.186869e-03   8.601024e+01
   1.247723e-03   8.599584e+01
   1.311699e-03   8.597424e+01
   1.378956e-03   8.595264e+01
   1.449653e-03   8.593105e+01
   1.523948e-03   8.590225e+01
   1.602106e-03   8.588065e+01
   1.684233e-03   8.585186e+01
   1.770593e-03   8.582305e+01
   1.861398e-03   8.579426e+01
   1.956807e-03   8.576546e+01
   2.057137e-03   8.573667e+01
   2.162600e-03   8.570067e+01
   2.273513e-03   8.566467e+01
   2.390036e-03   8.562868e+01
   2.512591e-03   8.558548e+01
   2.641443e-03   8.554948e+01
   2.776857e-03   8.549909e+01
   2.919203e-03   8.545589e+01
   3.068904e-03   8.540549e+01
   3.226225e-03   8.535510e+01
   3.391643e-03   8.530471e+01
   3.565527e-03   8.524711e+01
   3.748354e-03   8.518952e+01
   3.940548e-03   8.512473e+01
   4.142584e-03   8.505993e+01
   4.354991e-03   8.498794e+01
   4.578247e-03   8.491595e+01
   4.812985e-03   8.484395e+01
   5.059789e-03   8.476476e+01
   5.319187e-03   8.467837e+01
   5.591708e-03   8.458477e+01
   5.878516e-03   8.449119e+01
   6.180142e-03   8.439759e+01
   6.497112e-03   8.428960e+01
   6.829958e-03   8.418161e+01
   7.180267e-03   8.406642e+01
   7.548038e-03   8.394404e+01
   7.935388e-03   8.382165e+01
   8.342317e-03   8.368486e+01
   8.769885e-03   8.354807e+01
   9.219676e-03   8.339689e+01
   9.692223e-03   8.323850e+01
   1.018911e-02   8.307291e+01
   1.071140e-02   8.298653e+01
   1.126067e-02   8.280654e+01
   1.183799e-02   8.261936e+01
   1.244495e-02   8.241778e+01
   1.308312e-02   8.220900e+01
   1.375411e-02   8.223060e+01
   1.445896e-02   8.200022e+01
   1.520032e-02   8.176264e+01
   1.597979e-02   8.150347e+01
   1.679894e-02   8.123710e+01
   1.766042e-02   8.202901e+01
   1.856582e-02   8.174824e+01
   1.951779e-02   8.146027e+01
   2.051845e-02   8.115070e+01
   2.157043e-02   8.083393e+01
   2.267639e-02   8.049556e+01
   2.383897e-02   8.014280e+01
   2.506135e-02   7.976843e+01
   2.634617e-02   7.950925e+01
   2.769713e-02   7.908450e+01
   2.911689e-02   7.865974e+01
   3.060967e-02   7.822058e+01
   3.217918e-02   7.776702e+01
   3.382912e-02   7.732787e+01
   3.556373e-02   7.683111e+01
   3.738671e-02   7.634875e+01
   3.930388e-02   7.584480e+01
   4.131895e-02   7.537685e+01
   4.343720e-02   7.478650e+01
   4.566447e-02   7.417457e+01
   4.800550e-02   7.362742e+01
   5.046719e-02   7.299387e+01
   5.305428e-02   7.230994e+01
   5.577420e-02   7.160297e+01
   5.863170e-02   7.110046e+01
   6.164266e-02   7.033372e+01
   6.480179e-02   7.031284e+01
   6.812496e-02   6.954396e+01
   7.161746e-02   6.872036e+01
   7.528988e-02   6.787372e+01
   7.914751e-02   6.700477e+01
   8.320622e-02   6.611277e+01
   8.747131e-02   6.519629e+01
   9.195863e-02   6.473986e+01
   9.667352e-02   6.378595e+01
   1.016265e-01   6.284499e+01
   1.068388e-01   6.185077e+01
   1.123157e-01   6.083207e+01
   1.180730e-01   6.053041e+01
   1.241267e-01   5.948220e+01
   1.304926e-01   5.841814e+01
   1.371813e-01   5.739871e+01
   1.442192e-01   5.651752e+01
   1.516116e-01   5.540594e+01
   1.593851e-01   5.426053e+01
   1.675554e-01   5.380050e+01
   1.761491e-01   5.295170e+01
   1.851767e-01   5.176381e+01
   1.946699e-01   5.060544e+01
   2.046553e-01   4.958673e+01
   2.151487e-01   4.833909e+01
   2.261766e-01   4.779267e+01
   2.377759e-01   4.678764e+01
   2.499626e-01   4.555944e+01
   2.627790e-01   4.460553e+01
   2.762516e-01   4.341620e+01
   2.904174e-01   4.285394e+01
   3.053082e-01   4.173300e+01
   3.209610e-01   4.067470e+01
   3.374180e-01   3.979711e+01
   3.547165e-01   3.962432e+01
   3.729040e-01   3.866825e+01
   3.920228e-01   3.766035e+01
   4.121206e-01   3.731118e+01
   4.332502e-01   3.664740e+01
   4.554646e-01   3.629536e+01
   4.788167e-01   3.617441e+01
   5.033648e-01   3.573741e+01
   5.291670e-01   3.538464e+01
   5.563133e-01   3.627304e+01
